taskname,type,start,end,duration,size,policy,acclname
Internal-H2D(task0)-to-0,MemFlushOut,0.0501962,0.0520301,0.00183392,0,profile,AMD Radeon Graphics 0
Internal-H2D(task0)-to-0,MemFlushOut,0.0521116,0.0526335,0.000521898,0,profile,AMD Radeon Graphics 0
Internal-H2D(task0)-to-0,MemFlushOut,0.0526404,0.0531206,0.000480175,0,profile,AMD Radeon Graphics 0
task0,Kernel,0.0531266,0.756556,0.70343,1048576,profile,AMD Radeon Graphics 0
Internal-H2D(task1)-to-0,MemFlushOut,0.756644,0.75723,0.000585556,0,profile,AMD Radeon Graphics 0
Internal-H2D(task1)-to-0,MemFlushOut,0.757242,0.757724,0.000482082,0,profile,AMD Radeon Graphics 0
Internal-H2D(task1)-to-0,MemFlushOut,0.757729,0.75823,0.000501394,0,profile,AMD Radeon Graphics 0
task1,Kernel,0.758236,1.48997,0.731739,1048576,profile,AMD Radeon Graphics 0
Internal-H2D(task2)-to-0,MemFlushOut,1.49012,1.4909,0.000788927,139898588049968,profile,AMD Radeon Graphics 0
Internal-H2D(task2)-to-0,MemFlushOut,1.49092,1.49141,0.000483274,139898588049968,profile,AMD Radeon Graphics 0
Internal-H2D(task2)-to-0,MemFlushOut,1.49141,1.49186,0.000444651,139898588049968,profile,AMD Radeon Graphics 0
task2,Kernel,1.49187,2.20679,0.71492,1048576,profile,AMD Radeon Graphics 0
Internal-H2D(task3)-to-0,MemFlushOut,2.20688,2.20753,0.000640869,0,profile,AMD Radeon Graphics 0
Internal-H2D(task3)-to-0,MemFlushOut,2.20754,2.20803,0.000493765,0,profile,AMD Radeon Graphics 0
Internal-H2D(task3)-to-0,MemFlushOut,2.20804,2.20852,0.000476122,0,profile,AMD Radeon Graphics 0
task3,Kernel,2.20852,2.91215,0.703622,1048576,profile,AMD Radeon Graphics 0
Internal-H2D(task4)-to-0,MemFlushOut,2.91225,2.91285,0.000596285,0,profile,AMD Radeon Graphics 0
Internal-H2D(task4)-to-0,MemFlushOut,2.91287,2.91334,0.000478506,0,profile,AMD Radeon Graphics 0
Internal-H2D(task4)-to-0,MemFlushOut,2.91335,2.91379,0.000438929,0,profile,AMD Radeon Graphics 0
task4,Kernel,2.91379,3.628,0.714208,1048576,profile,AMD Radeon Graphics 0
Internal-H2D(task5)-to-0,MemFlushOut,3.62809,3.62879,0.000709295,0,profile,AMD Radeon Graphics 0
Internal-H2D(task5)-to-0,MemFlushOut,3.62881,3.6293,0.000484467,0,profile,AMD Radeon Graphics 0
Internal-H2D(task5)-to-0,MemFlushOut,3.6293,3.62977,0.000466108,0,profile,AMD Radeon Graphics 0
task5,Kernel,3.62978,4.33236,0.702587,1048576,profile,AMD Radeon Graphics 0
task6,Kernel,4.33245,5.04985,0.7174,1048576,profile,AMD Radeon Graphics 0
task16,Kernel,5.04994,5.75449,0.70455,1048576,profile,AMD Radeon Graphics 0
task7,Kernel,5.75457,6.45928,0.704712,1048576,profile,AMD Radeon Graphics 0
task8,Kernel,6.45934,7.16154,0.702201,1048576,profile,AMD Radeon Graphics 0
task10,Kernel,7.16159,7.87523,0.713631,1048576,profile,AMD Radeon Graphics 0
task12,Kernel,7.8754,8.57676,0.701357,1048576,profile,AMD Radeon Graphics 0
task19,Kernel,8.57682,9.28232,0.705494,1048576,profile,AMD Radeon Graphics 0
task20,Kernel,9.28234,10.0005,0.718114,1048576,profile,AMD Radeon Graphics 0
task9,Kernel,10.0005,10.7064,0.705946,1048576,profile,AMD Radeon Graphics 0
task11,Kernel,10.7064,11.4115,0.705063,1048576,profile,AMD Radeon Graphics 0
task13,Kernel,11.4115,12.1143,0.702817,1048576,profile,AMD Radeon Graphics 0
task18,Kernel,12.1144,12.8467,0.7323,1048576,profile,AMD Radeon Graphics 0
task17,Kernel,12.8467,13.5624,0.715687,1048576,profile,AMD Radeon Graphics 0
task15,Kernel,13.5624,14.27,0.707609,1048576,profile,AMD Radeon Graphics 0
task14,Kernel,14.2701,14.9718,0.701765,1048576,profile,AMD Radeon Graphics 0
task26,Kernel,14.9719,15.6889,0.717016,1048576,profile,AMD Radeon Graphics 0
task24,Kernel,15.689,16.4076,0.718663,1048576,profile,AMD Radeon Graphics 0
task27,Kernel,16.4078,17.1122,0.704401,1048576,profile,AMD Radeon Graphics 0
task22,Kernel,17.1122,17.8241,0.71186,1048576,profile,AMD Radeon Graphics 0
task21,Kernel,17.8242,18.5289,0.704688,1048576,profile,AMD Radeon Graphics 0
task23,Kernel,18.5289,19.2306,0.701686,1048576,profile,AMD Radeon Graphics 0
task30,Kernel,19.2307,19.9331,0.702405,1048576,profile,AMD Radeon Graphics 0
task29,Kernel,19.9331,20.6484,0.715256,1048576,profile,AMD Radeon Graphics 0
task34,Kernel,20.6484,21.3566,0.708171,1048576,profile,AMD Radeon Graphics 0
task41,Kernel,21.3566,22.06,0.703327,1048576,profile,AMD Radeon Graphics 0
task38,Kernel,22.06,22.7656,0.70562,1048576,profile,AMD Radeon Graphics 0
task33,Kernel,22.7657,23.4665,0.700859,1048576,profile,AMD Radeon Graphics 0
task39,Kernel,23.4666,24.1699,0.70333,1048576,profile,AMD Radeon Graphics 0
task25,Kernel,24.1699,24.8748,0.704818,1048576,profile,AMD Radeon Graphics 0
task32,Kernel,24.8748,25.5907,0.715889,1048576,profile,AMD Radeon Graphics 0
task28,Kernel,25.5907,26.3006,0.709913,1048576,profile,AMD Radeon Graphics 0
task36,Kernel,26.3006,27.0077,0.707085,1048576,profile,AMD Radeon Graphics 0
task31,Kernel,27.0077,27.7113,0.703527,1048576,profile,AMD Radeon Graphics 0
task46,Kernel,27.7113,28.4188,0.707488,1048576,profile,AMD Radeon Graphics 0
task42,Kernel,28.4188,29.1212,0.702367,1048576,profile,AMD Radeon Graphics 0
task45,Kernel,29.1212,29.8226,0.701395,1048576,profile,AMD Radeon Graphics 0
task51,Kernel,29.8227,30.5239,0.701234,1048576,profile,AMD Radeon Graphics 0
task35,Kernel,30.524,31.2285,0.704532,1048576,profile,AMD Radeon Graphics 0
task43,Kernel,31.2286,31.9612,0.732591,1048576,profile,AMD Radeon Graphics 0
task47,Kernel,31.9613,32.6663,0.705064,1048576,profile,AMD Radeon Graphics 0
task37,Kernel,32.6664,33.3816,0.715196,1048576,profile,AMD Radeon Graphics 0
task44,Kernel,33.3816,34.0976,0.71602,1048576,profile,AMD Radeon Graphics 0
task48,Kernel,34.0976,34.8013,0.703686,1048576,profile,AMD Radeon Graphics 0
task50,Kernel,34.8014,35.5058,0.704397,1048576,profile,AMD Radeon Graphics 0
task60,Kernel,35.5058,36.2108,0.70503,1048576,profile,AMD Radeon Graphics 0
task40,Kernel,36.2108,36.9156,0.704784,1048576,profile,AMD Radeon Graphics 0
task54,Kernel,36.9156,37.62,0.704384,1048576,profile,AMD Radeon Graphics 0
task49,Kernel,37.62,38.3244,0.704379,1048576,profile,AMD Radeon Graphics 0
task52,Kernel,38.3244,39.0423,0.717843,1048576,profile,AMD Radeon Graphics 0
task53,Kernel,39.0424,39.746,0.703629,1048576,profile,AMD Radeon Graphics 0
task59,Kernel,39.746,40.4512,0.705195,1048576,profile,AMD Radeon Graphics 0
task55,Kernel,40.4512,41.1564,0.705201,1048576,profile,AMD Radeon Graphics 0
task64,Kernel,41.1565,41.8558,0.69936,1048576,profile,AMD Radeon Graphics 0
task58,Kernel,41.8558,42.56,0.704131,1048576,profile,AMD Radeon Graphics 0
task56,Kernel,42.56,43.2647,0.704657,1048576,profile,AMD Radeon Graphics 0
task61,Kernel,43.2647,43.9695,0.704835,1048576,profile,AMD Radeon Graphics 0
task65,Kernel,43.9695,44.6727,0.703158,1048576,profile,AMD Radeon Graphics 0
task57,Kernel,44.6727,45.3745,0.701835,1048576,profile,AMD Radeon Graphics 0
task63,Kernel,45.3746,46.0864,0.711848,1048576,profile,AMD Radeon Graphics 0
task62,Kernel,46.0864,46.791,0.704612,1048576,profile,AMD Radeon Graphics 0
task69,Kernel,46.791,47.4947,0.703714,1048576,profile,AMD Radeon Graphics 0
task71,Kernel,47.4948,48.2128,0.718005,1048576,profile,AMD Radeon Graphics 0
task80,Kernel,48.2128,48.9301,0.71732,1048576,profile,AMD Radeon Graphics 0
task68,Kernel,48.9301,49.6319,0.701793,1048576,profile,AMD Radeon Graphics 0
task66,Kernel,49.6319,50.3364,0.704427,1048576,profile,AMD Radeon Graphics 0
task72,Kernel,50.3364,51.0495,0.713156,1048576,profile,AMD Radeon Graphics 0
task78,Kernel,51.0495,51.7553,0.705759,1048576,profile,AMD Radeon Graphics 0
task70,Kernel,51.7554,52.459,0.703604,1048576,profile,AMD Radeon Graphics 0
task82,Kernel,52.459,53.1666,0.707602,1048576,profile,AMD Radeon Graphics 0
task73,Kernel,53.1667,53.8748,0.708151,1048576,profile,AMD Radeon Graphics 0
task77,Kernel,53.8749,54.5891,0.714131,1048576,profile,AMD Radeon Graphics 0
task88,Kernel,54.5891,55.3047,0.715524,1048576,profile,AMD Radeon Graphics 0
task75,Kernel,55.3047,56.0108,0.706078,1048576,profile,AMD Radeon Graphics 0
task76,Kernel,56.0108,56.7148,0.703919,1048576,profile,AMD Radeon Graphics 0
task67,Kernel,56.7148,57.4205,0.705706,1048576,profile,AMD Radeon Graphics 0
task97,Kernel,57.4206,58.1425,0.721876,1048576,profile,AMD Radeon Graphics 0
task86,Kernel,58.1425,58.8458,0.703249,1048576,profile,AMD Radeon Graphics 0
task89,Kernel,58.8458,59.5513,0.705462,1048576,profile,AMD Radeon Graphics 0
task74,Kernel,59.5514,60.257,0.705634,1048576,profile,AMD Radeon Graphics 0
task79,Kernel,60.257,60.9571,0.700031,1048576,profile,AMD Radeon Graphics 0
task81,Kernel,60.9571,61.6708,0.713753,1048576,profile,AMD Radeon Graphics 0
task83,Kernel,61.6709,62.3865,0.715661,1048576,profile,AMD Radeon Graphics 0
task85,Kernel,62.3865,63.0945,0.707978,1048576,profile,AMD Radeon Graphics 0
task90,Kernel,63.0945,63.8008,0.70625,1048576,profile,AMD Radeon Graphics 0
task120,Kernel,63.8008,64.5047,0.703929,1048576,profile,AMD Radeon Graphics 0
task92,Kernel,64.5047,65.208,0.703284,1048576,profile,AMD Radeon Graphics 0
task95,Kernel,65.208,65.9135,0.705496,1048576,profile,AMD Radeon Graphics 0
task84,Kernel,65.9135,66.617,0.703457,1048576,profile,AMD Radeon Graphics 0
task91,Kernel,66.617,67.3228,0.705807,1048576,profile,AMD Radeon Graphics 0
task87,Kernel,67.3228,68.0256,0.702803,1048576,profile,AMD Radeon Graphics 0
task94,Kernel,68.0256,68.729,0.703381,1048576,profile,AMD Radeon Graphics 0
task129,Kernel,68.729,69.4337,0.704687,1048576,profile,AMD Radeon Graphics 0
task98,Kernel,69.4337,70.1394,0.705691,1048576,profile,AMD Radeon Graphics 0
task100,Kernel,70.1394,70.8667,0.727302,1048576,profile,AMD Radeon Graphics 0
task105,Kernel,70.8668,71.5687,0.701922,1048576,profile,AMD Radeon Graphics 0
task96,Kernel,71.5687,72.2855,0.716787,1048576,profile,AMD Radeon Graphics 0
task99,Kernel,72.2855,72.9896,0.704068,1048576,profile,AMD Radeon Graphics 0
task93,Kernel,72.9896,73.696,0.706382,1048576,profile,AMD Radeon Graphics 0
task103,Kernel,73.696,74.4002,0.70424,1048576,profile,AMD Radeon Graphics 0
task102,Kernel,74.4002,75.1022,0.70196,1048576,profile,AMD Radeon Graphics 0
task117,Kernel,75.1022,75.8057,0.70355,1048576,profile,AMD Radeon Graphics 0
task101,Kernel,75.8058,76.509,0.70324,1048576,profile,AMD Radeon Graphics 0
task110,Kernel,76.509,77.2114,0.702349,1048576,profile,AMD Radeon Graphics 0
task107,Kernel,77.2114,77.9149,0.703497,1048576,profile,AMD Radeon Graphics 0
task114,Kernel,77.9149,78.6185,0.703657,1048576,profile,AMD Radeon Graphics 0
task106,Kernel,78.6185,79.3233,0.704794,1048576,profile,AMD Radeon Graphics 0
task104,Kernel,79.3233,80.0289,0.705549,1048576,profile,AMD Radeon Graphics 0
task108,Kernel,80.0289,80.7317,0.702834,1048576,profile,AMD Radeon Graphics 0
task111,Kernel,80.7317,81.4337,0.701949,1048576,profile,AMD Radeon Graphics 0
task118,Kernel,81.4337,82.1363,0.702607,1048576,profile,AMD Radeon Graphics 0
task128,Kernel,82.1363,82.8407,0.704372,1048576,profile,AMD Radeon Graphics 0
task109,Kernel,82.8407,83.5536,0.712878,1048576,profile,AMD Radeon Graphics 0
task112,Kernel,83.5536,84.2643,0.710676,1048576,profile,AMD Radeon Graphics 0
task113,Kernel,84.2643,84.9698,0.705528,1048576,profile,AMD Radeon Graphics 0
task116,Kernel,84.9698,85.701,0.73118,1048576,profile,AMD Radeon Graphics 0
task115,Kernel,85.701,86.4037,0.702706,1048576,profile,AMD Radeon Graphics 0
task119,Kernel,86.4037,87.1099,0.706135,1048576,profile,AMD Radeon Graphics 0
task126,Kernel,87.1099,87.8137,0.703792,1048576,profile,AMD Radeon Graphics 0
task122,Kernel,87.8137,88.5156,0.701935,1048576,profile,AMD Radeon Graphics 0
task121,Kernel,88.5156,89.2187,0.703074,1048576,profile,AMD Radeon Graphics 0
task125,Kernel,89.2187,89.9237,0.704966,1048576,profile,AMD Radeon Graphics 0
task132,Kernel,89.9237,90.6358,0.712058,1048576,profile,AMD Radeon Graphics 0
task137,Kernel,90.6358,91.3404,0.704596,1048576,profile,AMD Radeon Graphics 0
task127,Kernel,91.3404,92.0434,0.702998,1048576,profile,AMD Radeon Graphics 0
task135,Kernel,92.0434,92.7506,0.707182,1048576,profile,AMD Radeon Graphics 0
task123,Kernel,92.7506,93.4528,0.702233,1048576,profile,AMD Radeon Graphics 0
task124,Kernel,93.4528,94.1564,0.703621,1048576,profile,AMD Radeon Graphics 0
task131,Kernel,94.1564,94.8701,0.713694,1048576,profile,AMD Radeon Graphics 0
task133,Kernel,94.8701,95.5741,0.703971,1048576,profile,AMD Radeon Graphics 0
task130,Kernel,95.5741,96.2795,0.705329,1048576,profile,AMD Radeon Graphics 0
task138,Kernel,96.2795,96.9857,0.706247,1048576,profile,AMD Radeon Graphics 0
task143,Kernel,96.9857,97.6917,0.70593,1048576,profile,AMD Radeon Graphics 0
task140,Kernel,97.6917,98.3946,0.702976,1048576,profile,AMD Radeon Graphics 0
task149,Kernel,98.3947,99.0992,0.704532,1048576,profile,AMD Radeon Graphics 0
task134,Kernel,99.0992,99.8046,0.705387,1048576,profile,AMD Radeon Graphics 0
task136,Kernel,99.8046,100.509,0.704506,1048576,profile,AMD Radeon Graphics 0
task139,Kernel,100.509,101.21,0.70133,1048576,profile,AMD Radeon Graphics 0
task141,Kernel,101.21,101.918,0.70802,1048576,profile,AMD Radeon Graphics 0
task142,Kernel,101.918,102.624,0.705302,1048576,profile,AMD Radeon Graphics 0
task150,Kernel,102.624,103.327,0.703708,1048576,profile,AMD Radeon Graphics 0
task153,Kernel,103.327,104.043,0.715731,1048576,profile,AMD Radeon Graphics 0
task158,Kernel,104.043,104.747,0.703933,1048576,profile,AMD Radeon Graphics 0
task160,Kernel,104.747,105.452,0.704325,1048576,profile,AMD Radeon Graphics 0
task145,Kernel,105.452,106.163,0.711305,1048576,profile,AMD Radeon Graphics 0
task148,Kernel,106.163,106.878,0.715284,1048576,profile,AMD Radeon Graphics 0
task144,Kernel,106.878,107.582,0.703706,1048576,profile,AMD Radeon Graphics 0
task152,Kernel,107.582,108.284,0.70189,1048576,profile,AMD Radeon Graphics 0
task156,Kernel,108.284,108.99,0.706523,1048576,profile,AMD Radeon Graphics 0
task146,Kernel,108.99,109.693,0.703021,1048576,profile,AMD Radeon Graphics 0
task151,Kernel,109.693,110.399,0.705901,1048576,profile,AMD Radeon Graphics 0
task164,Kernel,110.399,111.103,0.703631,1048576,profile,AMD Radeon Graphics 0
task154,Kernel,111.103,111.81,0.707009,1048576,profile,AMD Radeon Graphics 0
task165,Kernel,111.81,112.513,0.702929,1048576,profile,AMD Radeon Graphics 0
task147,Kernel,112.513,113.218,0.704828,1048576,profile,AMD Radeon Graphics 0
task161,Kernel,113.218,113.922,0.704801,1048576,profile,AMD Radeon Graphics 0
task157,Kernel,113.922,114.627,0.704797,1048576,profile,AMD Radeon Graphics 0
task172,Kernel,114.627,115.337,0.709468,1048576,profile,AMD Radeon Graphics 0
task155,Kernel,115.337,116.042,0.704832,1048576,profile,AMD Radeon Graphics 0
task159,Kernel,116.042,116.744,0.702473,1048576,profile,AMD Radeon Graphics 0
task166,Kernel,116.744,117.446,0.702345,1048576,profile,AMD Radeon Graphics 0
task163,Kernel,117.446,118.148,0.70106,1048576,profile,AMD Radeon Graphics 0
task185,Kernel,118.148,118.85,0.702641,1048576,profile,AMD Radeon Graphics 0
task162,Kernel,118.85,119.555,0.70532,1048576,profile,AMD Radeon Graphics 0
task167,Kernel,119.556,120.261,0.705101,1048576,profile,AMD Radeon Graphics 0
task171,Kernel,120.261,120.965,0.704184,1048576,profile,AMD Radeon Graphics 0
task168,Kernel,120.965,121.668,0.70326,1048576,profile,AMD Radeon Graphics 0
task173,Kernel,121.668,122.37,0.701639,1048576,profile,AMD Radeon Graphics 0
task177,Kernel,122.37,123.073,0.703377,1048576,profile,AMD Radeon Graphics 0
task169,Kernel,123.073,123.776,0.702762,1048576,profile,AMD Radeon Graphics 0
task174,Kernel,123.776,124.481,0.7048,1048576,profile,AMD Radeon Graphics 0
task180,Kernel,124.481,125.194,0.713612,1048576,profile,AMD Radeon Graphics 0
task170,Kernel,125.194,125.898,0.703911,1048576,profile,AMD Radeon Graphics 0
task181,Kernel,125.898,126.601,0.703018,1048576,profile,AMD Radeon Graphics 0
task192,Kernel,126.601,127.305,0.704064,1048576,profile,AMD Radeon Graphics 0
task178,Kernel,127.305,128.009,0.703146,1048576,profile,AMD Radeon Graphics 0
task175,Kernel,128.009,128.713,0.704791,1048576,profile,AMD Radeon Graphics 0
task183,Kernel,128.713,129.418,0.704937,1048576,profile,AMD Radeon Graphics 0
task186,Kernel,129.418,130.123,0.704635,1048576,profile,AMD Radeon Graphics 0
task176,Kernel,130.123,130.825,0.702272,1048576,profile,AMD Radeon Graphics 0
task191,Kernel,130.825,131.531,0.705538,1048576,profile,AMD Radeon Graphics 0
task179,Kernel,131.531,132.236,0.705621,1048576,profile,AMD Radeon Graphics 0
task182,Kernel,132.236,132.947,0.710956,1048576,profile,AMD Radeon Graphics 0
task184,Kernel,132.947,133.651,0.703836,1048576,profile,AMD Radeon Graphics 0
task190,Kernel,133.651,134.353,0.701762,1048576,profile,AMD Radeon Graphics 0
task189,Kernel,134.353,135.057,0.704132,1048576,profile,AMD Radeon Graphics 0
task208,Kernel,135.057,135.761,0.703657,1048576,profile,AMD Radeon Graphics 0
task188,Kernel,135.761,136.464,0.703259,1048576,profile,AMD Radeon Graphics 0
task187,Kernel,136.464,137.167,0.70256,1048576,profile,AMD Radeon Graphics 0
task194,Kernel,137.167,137.869,0.702085,1048576,profile,AMD Radeon Graphics 0
task198,Kernel,137.869,138.575,0.706726,1048576,profile,AMD Radeon Graphics 0
task193,Kernel,138.575,139.277,0.701343,1048576,profile,AMD Radeon Graphics 0
task195,Kernel,139.277,139.978,0.701234,1048576,profile,AMD Radeon Graphics 0
task197,Kernel,139.978,140.68,0.702429,1048576,profile,AMD Radeon Graphics 0
task209,Kernel,140.68,141.386,0.705183,1048576,profile,AMD Radeon Graphics 0
task196,Kernel,141.386,142.088,0.70252,1048576,profile,AMD Radeon Graphics 0
task199,Kernel,142.088,142.792,0.704005,1048576,profile,AMD Radeon Graphics 0
task201,Kernel,142.792,143.5,0.708125,1048576,profile,AMD Radeon Graphics 0
task200,Kernel,143.5,144.212,0.711508,1048576,profile,AMD Radeon Graphics 0
task203,Kernel,144.212,144.912,0.700254,1048576,profile,AMD Radeon Graphics 0
task206,Kernel,144.912,145.628,0.715908,1048576,profile,AMD Radeon Graphics 0
task210,Kernel,145.628,146.336,0.70753,1048576,profile,AMD Radeon Graphics 0
task202,Kernel,146.336,147.038,0.702677,1048576,profile,AMD Radeon Graphics 0
task204,Kernel,147.038,147.741,0.702577,1048576,profile,AMD Radeon Graphics 0
task207,Kernel,147.741,148.447,0.70576,1048576,profile,AMD Radeon Graphics 0
task211,Kernel,148.447,149.149,0.70285,1048576,profile,AMD Radeon Graphics 0
task217,Kernel,149.149,149.857,0.707177,1048576,profile,AMD Radeon Graphics 0
task222,Kernel,149.857,150.559,0.702317,1048576,profile,AMD Radeon Graphics 0
task214,Kernel,150.559,151.282,0.723466,1048576,profile,AMD Radeon Graphics 0
task216,Kernel,151.282,151.998,0.715061,1048576,profile,AMD Radeon Graphics 0
task205,Kernel,151.998,152.701,0.702976,1048576,profile,AMD Radeon Graphics 0
task212,Kernel,152.701,153.404,0.703524,1048576,profile,AMD Radeon Graphics 0
task215,Kernel,153.404,154.107,0.702507,1048576,profile,AMD Radeon Graphics 0
task220,Kernel,154.107,154.808,0.701917,1048576,profile,AMD Radeon Graphics 0
task219,Kernel,154.809,155.515,0.706084,1048576,profile,AMD Radeon Graphics 0
task234,Kernel,155.515,156.223,0.70797,1048576,profile,AMD Radeon Graphics 0
task225,Kernel,156.223,156.928,0.704998,1048576,profile,AMD Radeon Graphics 0
task218,Kernel,156.928,157.63,0.702047,1048576,profile,AMD Radeon Graphics 0
task228,Kernel,157.63,158.335,0.705639,1048576,profile,AMD Radeon Graphics 0
task213,Kernel,158.335,159.038,0.702646,1048576,profile,AMD Radeon Graphics 0
task224,Kernel,159.038,159.751,0.712642,1048576,profile,AMD Radeon Graphics 0
task221,Kernel,159.751,160.457,0.706467,1048576,profile,AMD Radeon Graphics 0
task226,Kernel,160.457,161.162,0.704616,1048576,profile,AMD Radeon Graphics 0
task229,Kernel,161.162,161.864,0.702662,1048576,profile,AMD Radeon Graphics 0
task235,Kernel,161.864,162.567,0.702186,1048576,profile,AMD Radeon Graphics 0
task223,Kernel,162.567,163.271,0.704482,1048576,profile,AMD Radeon Graphics 0
task230,Kernel,163.271,163.974,0.702737,1048576,profile,AMD Radeon Graphics 0
task232,Kernel,163.974,164.679,0.705235,1048576,profile,AMD Radeon Graphics 0
task227,Kernel,164.679,165.383,0.703674,1048576,profile,AMD Radeon Graphics 0
task231,Kernel,165.383,166.087,0.704249,1048576,profile,AMD Radeon Graphics 0
task233,Kernel,166.087,166.789,0.701989,1048576,profile,AMD Radeon Graphics 0
task238,Kernel,166.789,167.493,0.703752,1048576,profile,AMD Radeon Graphics 0
task239,Kernel,167.493,168.199,0.706689,1048576,profile,AMD Radeon Graphics 0
task237,Kernel,168.199,168.913,0.713797,1048576,profile,AMD Radeon Graphics 0
task236,Kernel,168.913,169.617,0.704206,1048576,profile,AMD Radeon Graphics 0
task240,Kernel,169.617,170.323,0.706005,1048576,profile,AMD Radeon Graphics 0
Internal-D2H(final_d2h)-from-0,MemFlushOut,170.324,170.325,0.000901699,0,data,AMD Radeon Graphics 0
Internal-D2H(final_d2h)-from-0,MemFlushOut,170.325,170.325,0.000768661,0,data,AMD Radeon Graphics 0
Internal-D2H(final_d2h)-from-0,MemFlushOut,170.325,170.326,0.000767231,0,data,AMD Radeon Graphics 0
Internal-D2H(final_d2h)-from-0,MemFlushOut,170.326,170.327,0.000581026,0,data,AMD Radeon Graphics 0
Internal-D2H(final_d2h)-from-0,MemFlushOut,170.327,170.327,0.000360012,0,data,AMD Radeon Graphics 0
Internal-D2H(final_d2h)-from-0,MemFlushOut,170.327,170.327,0.000355244,0,data,AMD Radeon Graphics 0
