taskname,type,start,end,duration,size,policy,acclname
Internal-H2D(task0)-to-0,MemFlushOut,0.00482607,0.00713825,0.00231218,0,profile,AMD Radeon VII 0
Internal-H2D(task0)-to-0,MemFlushOut,0.00721979,0.00795436,0.000734568,0,profile,AMD Radeon VII 0
Internal-H2D(task0)-to-0,MemFlushOut,0.00797224,0.00870562,0.000733376,0,profile,AMD Radeon VII 0
task0,Kernel,0.00872159,0.744154,0.735433,1048576,profile,AMD Radeon VII 0
Internal-H2D(task1)-to-0,MemFlushOut,0.744238,0.744911,0.000672817,140555216723552,profile,AMD Radeon VII 0
Internal-H2D(task1)-to-0,MemFlushOut,0.744917,0.745557,0.000639439,140555216723552,profile,AMD Radeon VII 0
Internal-H2D(task1)-to-0,MemFlushOut,0.745561,0.746199,0.000637293,140555216723552,profile,AMD Radeon VII 0
task1,Kernel,0.746203,1.48324,0.737041,1048576,profile,AMD Radeon VII 0
Internal-H2D(task2)-to-0,MemFlushOut,1.48325,1.48394,0.000684738,140555216723168,profile,AMD Radeon VII 0
Internal-H2D(task2)-to-0,MemFlushOut,1.48394,1.48458,0.000638723,140555216723168,profile,AMD Radeon VII 0
Internal-H2D(task2)-to-0,MemFlushOut,1.48459,1.48522,0.000636101,140555216723168,profile,AMD Radeon VII 0
task2,Kernel,1.48523,2.22157,0.736345,1048576,profile,AMD Radeon VII 0
Internal-H2D(task3)-to-0,MemFlushOut,2.22158,2.22227,0.000688553,140555216723168,profile,AMD Radeon VII 0
Internal-H2D(task3)-to-0,MemFlushOut,2.22227,2.22291,0.000638962,140555216723168,profile,AMD Radeon VII 0
Internal-H2D(task3)-to-0,MemFlushOut,2.22292,2.22356,0.000638485,140555216723168,profile,AMD Radeon VII 0
task3,Kernel,2.22356,2.95982,0.736258,1048576,profile,AMD Radeon VII 0
Internal-H2D(task4)-to-0,MemFlushOut,2.95982,2.96051,0.0006845,0,profile,AMD Radeon VII 0
Internal-H2D(task4)-to-0,MemFlushOut,2.96051,2.96115,0.000638247,0,profile,AMD Radeon VII 0
Internal-H2D(task4)-to-0,MemFlushOut,2.96116,2.96181,0.000655413,0,profile,AMD Radeon VII 0
task4,Kernel,2.96182,3.70392,0.742104,1048576,profile,AMD Radeon VII 0
Internal-H2D(task5)-to-0,MemFlushOut,3.70393,3.70461,0.000686407,0,profile,AMD Radeon VII 0
Internal-H2D(task5)-to-0,MemFlushOut,3.70462,3.70526,0.00063777,0,profile,AMD Radeon VII 0
Internal-H2D(task5)-to-0,MemFlushOut,3.70526,3.7059,0.000635624,0,profile,AMD Radeon VII 0
task5,Kernel,3.7059,4.44061,0.734707,1048576,profile,AMD Radeon VII 0
task6,Kernel,4.44061,5.17349,0.732872,1048576,profile,AMD Radeon VII 0
task16,Kernel,5.17349,5.90546,0.731965,1048576,profile,AMD Radeon VII 0
task7,Kernel,5.90546,6.64607,0.740608,1048576,profile,AMD Radeon VII 0
task8,Kernel,6.64608,7.3834,0.737326,1048576,profile,AMD Radeon VII 0
task10,Kernel,7.38341,8.12036,0.736953,1048576,profile,AMD Radeon VII 0
task12,Kernel,8.12037,8.85446,0.73409,1048576,profile,AMD Radeon VII 0
task19,Kernel,8.85447,9.59097,0.736504,1048576,profile,AMD Radeon VII 0
task20,Kernel,9.59098,10.3279,0.73695,1048576,profile,AMD Radeon VII 0
task9,Kernel,10.328,11.0654,0.737406,1048576,profile,AMD Radeon VII 0
task11,Kernel,11.0654,11.7998,0.734364,1048576,profile,AMD Radeon VII 0
task13,Kernel,11.7998,12.5363,0.736466,1048576,profile,AMD Radeon VII 0
task18,Kernel,12.5363,13.2705,0.73423,1048576,profile,AMD Radeon VII 0
task17,Kernel,13.2705,14.0023,0.731712,1048576,profile,AMD Radeon VII 0
task15,Kernel,14.0023,14.7376,0.735352,1048576,profile,AMD Radeon VII 0
task14,Kernel,14.7376,15.4712,0.733558,1048576,profile,AMD Radeon VII 0
task26,Kernel,15.4712,16.2033,0.732127,1048576,profile,AMD Radeon VII 0
task24,Kernel,16.2033,16.939,0.735721,1048576,profile,AMD Radeon VII 0
task27,Kernel,16.9391,17.6737,0.734618,1048576,profile,AMD Radeon VII 0
task22,Kernel,17.6737,18.406,0.732306,1048576,profile,AMD Radeon VII 0
task21,Kernel,18.406,19.1386,0.732621,1048576,profile,AMD Radeon VII 0
task23,Kernel,19.1386,19.8731,0.734453,1048576,profile,AMD Radeon VII 0
task30,Kernel,19.8731,20.6065,0.733428,1048576,profile,AMD Radeon VII 0
task29,Kernel,20.6065,21.3406,0.734104,1048576,profile,AMD Radeon VII 0
task34,Kernel,21.3406,22.0756,0.735022,1048576,profile,AMD Radeon VII 0
task41,Kernel,22.0757,22.8103,0.734623,1048576,profile,AMD Radeon VII 0
task38,Kernel,22.8103,23.5431,0.732827,1048576,profile,AMD Radeon VII 0
task33,Kernel,23.5431,24.2747,0.731615,1048576,profile,AMD Radeon VII 0
task39,Kernel,24.2747,25.0084,0.733634,1048576,profile,AMD Radeon VII 0
task25,Kernel,25.0084,25.7455,0.737121,1048576,profile,AMD Radeon VII 0
task32,Kernel,25.7455,26.4823,0.736833,1048576,profile,AMD Radeon VII 0
task28,Kernel,26.4823,27.216,0.733631,1048576,profile,AMD Radeon VII 0
task36,Kernel,27.216,27.9495,0.733474,1048576,profile,AMD Radeon VII 0
task31,Kernel,27.9495,28.6855,0.736042,1048576,profile,AMD Radeon VII 0
task46,Kernel,28.6855,29.4181,0.732549,1048576,profile,AMD Radeon VII 0
task42,Kernel,29.4181,30.1528,0.73472,1048576,profile,AMD Radeon VII 0
task45,Kernel,30.1528,30.8841,0.731288,1048576,profile,AMD Radeon VII 0
task51,Kernel,30.8841,31.6213,0.737166,1048576,profile,AMD Radeon VII 0
task35,Kernel,31.6213,32.3567,0.735423,1048576,profile,AMD Radeon VII 0
task43,Kernel,32.3567,33.0906,0.733868,1048576,profile,AMD Radeon VII 0
task47,Kernel,33.0906,33.827,0.736393,1048576,profile,AMD Radeon VII 0
task37,Kernel,33.827,34.5658,0.738792,1048576,profile,AMD Radeon VII 0
task44,Kernel,34.5658,35.2975,0.731771,1048576,profile,AMD Radeon VII 0
task48,Kernel,35.2975,36.0303,0.732774,1048576,profile,AMD Radeon VII 0
task50,Kernel,36.0303,36.7654,0.735045,1048576,profile,AMD Radeon VII 0
task60,Kernel,36.7654,37.5013,0.735894,1048576,profile,AMD Radeon VII 0
task40,Kernel,37.5013,38.234,0.732625,1048576,profile,AMD Radeon VII 0
task54,Kernel,38.234,38.9676,0.733607,1048576,profile,AMD Radeon VII 0
task49,Kernel,38.9676,39.7001,0.73247,1048576,profile,AMD Radeon VII 0
task52,Kernel,39.7001,40.437,0.736928,1048576,profile,AMD Radeon VII 0
task53,Kernel,40.437,41.1677,0.730742,1048576,profile,AMD Radeon VII 0
task59,Kernel,41.1677,41.9049,0.737152,1048576,profile,AMD Radeon VII 0
task55,Kernel,41.9049,42.6398,0.734921,1048576,profile,AMD Radeon VII 0
task64,Kernel,42.6398,43.3694,0.729584,1048576,profile,AMD Radeon VII 0
task58,Kernel,43.3694,44.1038,0.734348,1048576,profile,AMD Radeon VII 0
task56,Kernel,44.1038,44.8364,0.732646,1048576,profile,AMD Radeon VII 0
task61,Kernel,44.8364,45.573,0.736589,1048576,profile,AMD Radeon VII 0
task65,Kernel,45.573,46.3039,0.730852,1048576,profile,AMD Radeon VII 0
task57,Kernel,46.3039,47.0361,0.732193,1048576,profile,AMD Radeon VII 0
task63,Kernel,47.0361,47.7744,0.738281,1048576,profile,AMD Radeon VII 0
task62,Kernel,47.7744,48.5085,0.734164,1048576,profile,AMD Radeon VII 0
task69,Kernel,48.5086,49.2399,0.731373,1048576,profile,AMD Radeon VII 0
task71,Kernel,49.2399,49.9745,0.734563,1048576,profile,AMD Radeon VII 0
task80,Kernel,49.9745,50.7089,0.734419,1048576,profile,AMD Radeon VII 0
task68,Kernel,50.7089,51.4431,0.734119,1048576,profile,AMD Radeon VII 0
task66,Kernel,51.4431,52.1728,0.729788,1048576,profile,AMD Radeon VII 0
task72,Kernel,52.1729,52.9057,0.732796,1048576,profile,AMD Radeon VII 0
task78,Kernel,52.9057,53.6401,0.734396,1048576,profile,AMD Radeon VII 0
task70,Kernel,53.6401,54.374,0.733939,1048576,profile,AMD Radeon VII 0
task82,Kernel,54.374,55.1095,0.73549,1048576,profile,AMD Radeon VII 0
task73,Kernel,55.1095,55.8413,0.731765,1048576,profile,AMD Radeon VII 0
task77,Kernel,55.8413,56.5771,0.735803,1048576,profile,AMD Radeon VII 0
task88,Kernel,56.5771,57.3092,0.73215,1048576,profile,AMD Radeon VII 0
task75,Kernel,57.3092,58.0415,0.732248,1048576,profile,AMD Radeon VII 0
task76,Kernel,58.0415,58.7767,0.735159,1048576,profile,AMD Radeon VII 0
task67,Kernel,58.7767,59.5108,0.734169,1048576,profile,AMD Radeon VII 0
task97,Kernel,59.5108,60.2452,0.734368,1048576,profile,AMD Radeon VII 0
task86,Kernel,60.2452,60.9819,0.736692,1048576,profile,AMD Radeon VII 0
task89,Kernel,60.9819,61.7157,0.733732,1048576,profile,AMD Radeon VII 0
task74,Kernel,61.7157,62.4486,0.732908,1048576,profile,AMD Radeon VII 0
task79,Kernel,62.4486,63.1794,0.730846,1048576,profile,AMD Radeon VII 0
task81,Kernel,63.1794,63.9127,0.733229,1048576,profile,AMD Radeon VII 0
task83,Kernel,63.9127,64.6502,0.7375,1048576,profile,AMD Radeon VII 0
task85,Kernel,64.6502,65.383,0.73286,1048576,profile,AMD Radeon VII 0
task90,Kernel,65.383,66.1208,0.737731,1048576,profile,AMD Radeon VII 0
task120,Kernel,66.1208,66.8552,0.73443,1048576,profile,AMD Radeon VII 0
task92,Kernel,66.8552,67.5906,0.735356,1048576,profile,AMD Radeon VII 0
task95,Kernel,67.5906,68.3217,0.731094,1048576,profile,AMD Radeon VII 0
task84,Kernel,68.3217,69.056,0.734297,1048576,profile,AMD Radeon VII 0
task91,Kernel,69.056,69.7904,0.734413,1048576,profile,AMD Radeon VII 0
task87,Kernel,69.7904,70.5241,0.733655,1048576,profile,AMD Radeon VII 0
task94,Kernel,70.5241,71.2584,0.73434,1048576,profile,AMD Radeon VII 0
task129,Kernel,71.2584,71.9919,0.733489,1048576,profile,AMD Radeon VII 0
task98,Kernel,71.9919,72.7249,0.732955,1048576,profile,AMD Radeon VII 0
task100,Kernel,72.7249,73.4598,0.734849,1048576,profile,AMD Radeon VII 0
task105,Kernel,73.4598,74.195,0.735228,1048576,profile,AMD Radeon VII 0
task96,Kernel,74.1951,74.9287,0.733666,1048576,profile,AMD Radeon VII 0
task99,Kernel,74.9288,75.6626,0.733857,1048576,profile,AMD Radeon VII 0
task93,Kernel,75.6626,76.3974,0.734717,1048576,profile,AMD Radeon VII 0
task103,Kernel,76.3974,77.1297,0.732299,1048576,profile,AMD Radeon VII 0
task102,Kernel,77.1297,77.8639,0.734265,1048576,profile,AMD Radeon VII 0
task117,Kernel,77.864,78.5954,0.73147,1048576,profile,AMD Radeon VII 0
task101,Kernel,78.5954,79.3302,0.734764,1048576,profile,AMD Radeon VII 0
task110,Kernel,79.3302,80.0656,0.735361,1048576,profile,AMD Radeon VII 0
task107,Kernel,80.0656,80.8012,0.735609,1048576,profile,AMD Radeon VII 0
task114,Kernel,80.8012,81.5358,0.734587,1048576,profile,AMD Radeon VII 0
task106,Kernel,81.5358,82.2688,0.733021,1048576,profile,AMD Radeon VII 0
task104,Kernel,82.2688,83.0039,0.73507,1048576,profile,AMD Radeon VII 0
task108,Kernel,83.0039,83.7402,0.736353,1048576,profile,AMD Radeon VII 0
task111,Kernel,83.7403,84.4747,0.734498,1048576,profile,AMD Radeon VII 0
task118,Kernel,84.4748,85.2101,0.735329,1048576,profile,AMD Radeon VII 0
task128,Kernel,85.2101,85.9466,0.736485,1048576,profile,AMD Radeon VII 0
task109,Kernel,85.9466,86.6811,0.734559,1048576,profile,AMD Radeon VII 0
task112,Kernel,86.6812,87.4152,0.734034,1048576,profile,AMD Radeon VII 0
task113,Kernel,87.4152,88.1527,0.737461,1048576,profile,AMD Radeon VII 0
task116,Kernel,88.1527,88.8852,0.732562,1048576,profile,AMD Radeon VII 0
task115,Kernel,88.8852,89.6166,0.73142,1048576,profile,AMD Radeon VII 0
task119,Kernel,89.6167,90.3478,0.731107,1048576,profile,AMD Radeon VII 0
task126,Kernel,90.3478,91.0826,0.734844,1048576,profile,AMD Radeon VII 0
task122,Kernel,91.0826,91.8177,0.735097,1048576,profile,AMD Radeon VII 0
task121,Kernel,91.8177,92.5521,0.734329,1048576,profile,AMD Radeon VII 0
task125,Kernel,92.5521,93.2845,0.732485,1048576,profile,AMD Radeon VII 0
task132,Kernel,93.2845,94.019,0.734471,1048576,profile,AMD Radeon VII 0
task137,Kernel,94.019,94.7529,0.733891,1048576,profile,AMD Radeon VII 0
task127,Kernel,94.7529,95.488,0.735099,1048576,profile,AMD Radeon VII 0
task135,Kernel,95.488,96.2239,0.735887,1048576,profile,AMD Radeon VII 0
task123,Kernel,96.2239,96.9583,0.73434,1048576,profile,AMD Radeon VII 0
task124,Kernel,96.9583,97.6913,0.73304,1048576,profile,AMD Radeon VII 0
task131,Kernel,97.6914,98.4215,0.730103,1048576,profile,AMD Radeon VII 0
task133,Kernel,98.4215,99.157,0.735529,1048576,profile,AMD Radeon VII 0
task130,Kernel,99.157,99.8913,0.734238,1048576,profile,AMD Radeon VII 0
task138,Kernel,99.8913,100.629,0.738127,1048576,profile,AMD Radeon VII 0
task143,Kernel,100.629,101.365,0.735692,1048576,profile,AMD Radeon VII 0
task140,Kernel,101.365,102.097,0.731744,1048576,profile,AMD Radeon VII 0
task149,Kernel,102.097,102.835,0.738032,1048576,profile,AMD Radeon VII 0
task134,Kernel,102.835,103.574,0.738671,1048576,profile,AMD Radeon VII 0
task136,Kernel,103.574,104.306,0.732845,1048576,profile,AMD Radeon VII 0
task139,Kernel,104.306,105.044,0.737215,1048576,profile,AMD Radeon VII 0
task141,Kernel,105.044,105.78,0.736015,1048576,profile,AMD Radeon VII 0
task142,Kernel,105.78,106.515,0.735595,1048576,profile,AMD Radeon VII 0
task150,Kernel,106.515,107.253,0.737536,1048576,profile,AMD Radeon VII 0
task153,Kernel,107.253,107.987,0.734072,1048576,profile,AMD Radeon VII 0
task158,Kernel,107.987,108.72,0.732684,1048576,profile,AMD Radeon VII 0
task160,Kernel,108.72,109.454,0.734566,1048576,profile,AMD Radeon VII 0
task145,Kernel,109.454,110.19,0.735784,1048576,profile,AMD Radeon VII 0
task148,Kernel,110.19,110.927,0.737052,1048576,profile,AMD Radeon VII 0
task144,Kernel,110.927,111.66,0.732925,1048576,profile,AMD Radeon VII 0
task152,Kernel,111.66,112.394,0.734191,1048576,profile,AMD Radeon VII 0
task156,Kernel,112.394,113.126,0.731554,1048576,profile,AMD Radeon VII 0
task146,Kernel,113.126,113.861,0.73526,1048576,profile,AMD Radeon VII 0
task151,Kernel,113.861,114.596,0.734629,1048576,profile,AMD Radeon VII 0
task164,Kernel,114.596,115.328,0.732367,1048576,profile,AMD Radeon VII 0
task154,Kernel,115.328,116.063,0.734729,1048576,profile,AMD Radeon VII 0
task165,Kernel,116.063,116.798,0.735189,1048576,profile,AMD Radeon VII 0
task147,Kernel,116.798,117.533,0.73532,1048576,profile,AMD Radeon VII 0
task161,Kernel,117.533,118.27,0.736674,1048576,profile,AMD Radeon VII 0
task157,Kernel,118.27,119.003,0.732607,1048576,profile,AMD Radeon VII 0
task172,Kernel,119.003,119.737,0.734322,1048576,profile,AMD Radeon VII 0
task155,Kernel,119.737,120.47,0.732901,1048576,profile,AMD Radeon VII 0
task159,Kernel,120.47,121.209,0.739706,1048576,profile,AMD Radeon VII 0
task166,Kernel,121.209,121.945,0.735558,1048576,profile,AMD Radeon VII 0
task163,Kernel,121.945,122.678,0.732552,1048576,profile,AMD Radeon VII 0
task185,Kernel,122.678,123.415,0.737569,1048576,profile,AMD Radeon VII 0
task162,Kernel,123.415,124.15,0.734613,1048576,profile,AMD Radeon VII 0
task167,Kernel,124.15,124.883,0.733263,1048576,profile,AMD Radeon VII 0
task171,Kernel,124.883,125.619,0.735933,1048576,profile,AMD Radeon VII 0
task168,Kernel,125.619,126.353,0.733799,1048576,profile,AMD Radeon VII 0
task173,Kernel,126.353,127.088,0.735553,1048576,profile,AMD Radeon VII 0
task177,Kernel,127.088,127.827,0.738158,1048576,profile,AMD Radeon VII 0
task169,Kernel,127.827,128.561,0.734407,1048576,profile,AMD Radeon VII 0
task174,Kernel,128.561,129.295,0.734211,1048576,profile,AMD Radeon VII 0
task180,Kernel,129.295,130.028,0.732956,1048576,profile,AMD Radeon VII 0
task170,Kernel,130.028,130.76,0.731457,1048576,profile,AMD Radeon VII 0
task181,Kernel,130.76,131.495,0.735665,1048576,profile,AMD Radeon VII 0
task192,Kernel,131.495,132.23,0.735001,1048576,profile,AMD Radeon VII 0
task178,Kernel,132.23,132.962,0.732115,1048576,profile,AMD Radeon VII 0
task175,Kernel,132.962,133.696,0.733235,1048576,profile,AMD Radeon VII 0
task183,Kernel,133.696,134.431,0.735091,1048576,profile,AMD Radeon VII 0
task186,Kernel,134.431,135.164,0.733187,1048576,profile,AMD Radeon VII 0
task176,Kernel,135.164,135.895,0.730654,1048576,profile,AMD Radeon VII 0
task191,Kernel,135.895,136.631,0.736128,1048576,profile,AMD Radeon VII 0
task179,Kernel,136.631,137.365,0.733797,1048576,profile,AMD Radeon VII 0
task182,Kernel,137.365,138.098,0.733529,1048576,profile,AMD Radeon VII 0
task184,Kernel,138.098,138.828,0.729685,1048576,profile,AMD Radeon VII 0
task190,Kernel,138.828,139.565,0.736702,1048576,profile,AMD Radeon VII 0
task189,Kernel,139.565,140.299,0.734088,1048576,profile,AMD Radeon VII 0
task208,Kernel,140.299,141.034,0.735111,1048576,profile,AMD Radeon VII 0
task188,Kernel,141.034,141.771,0.737115,1048576,profile,AMD Radeon VII 0
task187,Kernel,141.771,142.506,0.735387,1048576,profile,AMD Radeon VII 0
task194,Kernel,142.506,143.243,0.736678,1048576,profile,AMD Radeon VII 0
task198,Kernel,143.243,143.977,0.734005,1048576,profile,AMD Radeon VII 0
task193,Kernel,143.977,144.714,0.736996,1048576,profile,AMD Radeon VII 0
task195,Kernel,144.714,145.45,0.73645,1048576,profile,AMD Radeon VII 0
task197,Kernel,145.45,146.185,0.734387,1048576,profile,AMD Radeon VII 0
task209,Kernel,146.185,146.92,0.734988,1048576,profile,AMD Radeon VII 0
task196,Kernel,146.92,147.657,0.737661,1048576,profile,AMD Radeon VII 0
task199,Kernel,147.657,148.388,0.730711,1048576,profile,AMD Radeon VII 0
task201,Kernel,148.388,149.121,0.732865,1048576,profile,AMD Radeon VII 0
task200,Kernel,149.121,149.852,0.731113,1048576,profile,AMD Radeon VII 0
task203,Kernel,149.852,150.589,0.736685,1048576,profile,AMD Radeon VII 0
task206,Kernel,150.589,151.322,0.733361,1048576,profile,AMD Radeon VII 0
task210,Kernel,151.322,152.057,0.734606,1048576,profile,AMD Radeon VII 0
task202,Kernel,152.057,152.789,0.732224,1048576,profile,AMD Radeon VII 0
task204,Kernel,152.789,153.524,0.734782,1048576,profile,AMD Radeon VII 0
task207,Kernel,153.524,154.256,0.732581,1048576,profile,AMD Radeon VII 0
task211,Kernel,154.256,154.994,0.73728,1048576,profile,AMD Radeon VII 0
task217,Kernel,154.994,155.729,0.735051,1048576,profile,AMD Radeon VII 0
task222,Kernel,155.729,156.467,0.737743,1048576,profile,AMD Radeon VII 0
task214,Kernel,156.467,157.204,0.737421,1048576,profile,AMD Radeon VII 0
task216,Kernel,157.204,157.939,0.735063,1048576,profile,AMD Radeon VII 0
task205,Kernel,157.939,158.674,0.734511,1048576,profile,AMD Radeon VII 0
task212,Kernel,158.674,159.409,0.735177,1048576,profile,AMD Radeon VII 0
task215,Kernel,159.409,160.144,0.735114,1048576,profile,AMD Radeon VII 0
task220,Kernel,160.144,160.878,0.734029,1048576,profile,AMD Radeon VII 0
task219,Kernel,160.878,161.611,0.732717,1048576,profile,AMD Radeon VII 0
task234,Kernel,161.611,162.345,0.734753,1048576,profile,AMD Radeon VII 0
task225,Kernel,162.345,163.081,0.735343,1048576,profile,AMD Radeon VII 0
task218,Kernel,163.081,163.817,0.736058,1048576,profile,AMD Radeon VII 0
task228,Kernel,163.817,164.552,0.73549,1048576,profile,AMD Radeon VII 0
task213,Kernel,164.552,165.288,0.735311,1048576,profile,AMD Radeon VII 0
task224,Kernel,165.288,166.024,0.735967,1048576,profile,AMD Radeon VII 0
task221,Kernel,166.024,166.761,0.737176,1048576,profile,AMD Radeon VII 0
task226,Kernel,166.761,167.495,0.734464,1048576,profile,AMD Radeon VII 0
task229,Kernel,167.495,168.228,0.732741,1048576,profile,AMD Radeon VII 0
task235,Kernel,168.228,168.961,0.732717,1048576,profile,AMD Radeon VII 0
task223,Kernel,168.961,169.699,0.73853,1048576,profile,AMD Radeon VII 0
task230,Kernel,169.699,170.434,0.734488,1048576,profile,AMD Radeon VII 0
task232,Kernel,170.434,171.169,0.735417,1048576,profile,AMD Radeon VII 0
task227,Kernel,171.169,171.902,0.733123,1048576,profile,AMD Radeon VII 0
task231,Kernel,171.902,172.634,0.732026,1048576,profile,AMD Radeon VII 0
task233,Kernel,172.634,173.368,0.733687,1048576,profile,AMD Radeon VII 0
task238,Kernel,173.368,174.105,0.73715,1048576,profile,AMD Radeon VII 0
task239,Kernel,174.105,174.839,0.733799,1048576,profile,AMD Radeon VII 0
task237,Kernel,174.839,175.574,0.735003,1048576,profile,AMD Radeon VII 0
task236,Kernel,175.574,176.309,0.734457,1048576,profile,AMD Radeon VII 0
task240,Kernel,176.309,177.044,0.735007,1048576,profile,AMD Radeon VII 0
Internal-D2H(final_d2h)-from-0,MemFlushOut,177.044,177.044,0.000653982,0,data,AMD Radeon VII 0
Internal-D2H(final_d2h)-from-0,MemFlushOut,177.044,177.045,0.0006001,0,data,AMD Radeon VII 0
Internal-D2H(final_d2h)-from-0,MemFlushOut,177.045,177.046,0.000598669,0,data,AMD Radeon VII 0
Internal-D2H(final_d2h)-from-0,MemFlushOut,177.046,177.046,0.000599623,0,data,AMD Radeon VII 0
Internal-D2H(final_d2h)-from-0,MemFlushOut,177.046,177.047,0.000599384,0,data,AMD Radeon VII 0
Internal-D2H(final_d2h)-from-0,MemFlushOut,177.047,177.047,0.000599623,0,data,AMD Radeon VII 0
