taskname,type,start,end,duration,size,policy,acclname
Internal-H2D(task0)-to-0,MemFlushOut,0.00491834,0.00720239,0.00228405,0,sdq,AMD Radeon VII 0
Internal-H2D(task0)-to-0,MemFlushOut,0.00728083,0.0080142,0.000733376,0,sdq,AMD Radeon VII 0
Internal-H2D(task0)-to-0,MemFlushOut,0.00803232,0.00888133,0.000849009,0,sdq,AMD Radeon VII 0
task0,Kernel,0.0088973,0.742528,0.733631,1048576,sdq,AMD Radeon VII 0
Internal-H2D(task1)-to-0,MemFlushOut,0.742624,0.743294,0.000670433,140269256670816,sdq,AMD Radeon VII 0
Internal-H2D(task1)-to-0,MemFlushOut,0.7433,0.74394,0.000640154,140269256670816,sdq,AMD Radeon VII 0
Internal-H2D(task1)-to-0,MemFlushOut,0.743945,0.744581,0.000636816,140269256670816,sdq,AMD Radeon VII 0
task1,Kernel,0.744586,1.4813,0.736717,1048576,sdq,AMD Radeon VII 0
Internal-H2D(task2)-to-0,MemFlushOut,1.48131,1.48198,0.000672817,140269256670432,sdq,AMD Radeon VII 0
Internal-H2D(task2)-to-0,MemFlushOut,1.48199,1.48263,0.000638723,140269256670432,sdq,AMD Radeon VII 0
Internal-H2D(task2)-to-0,MemFlushOut,1.48263,1.48327,0.000637293,140269256670432,sdq,AMD Radeon VII 0
task2,Kernel,1.48327,2.21559,0.73232,1048576,sdq,AMD Radeon VII 0
Internal-H2D(task3)-to-0,MemFlushOut,2.2156,2.21627,0.000669479,140269256670432,sdq,AMD Radeon VII 0
Internal-H2D(task3)-to-0,MemFlushOut,2.21628,2.21691,0.000636816,140269256670432,sdq,AMD Radeon VII 0
Internal-H2D(task3)-to-0,MemFlushOut,2.21692,2.21755,0.000637531,140269256670432,sdq,AMD Radeon VII 0
task3,Kernel,2.21756,2.95449,0.736933,1048576,sdq,AMD Radeon VII 0
Internal-H2D(task4)-to-0,MemFlushOut,2.9545,2.95517,0.000672817,0,sdq,AMD Radeon VII 0
Internal-H2D(task4)-to-0,MemFlushOut,2.95518,2.95582,0.000638247,0,sdq,AMD Radeon VII 0
Internal-H2D(task4)-to-0,MemFlushOut,2.95582,2.95646,0.000637054,0,sdq,AMD Radeon VII 0
task4,Kernel,2.95646,3.69104,0.734572,1048576,sdq,AMD Radeon VII 0
Internal-H2D(task5)-to-0,MemFlushOut,3.69104,3.69171,0.000671625,0,sdq,AMD Radeon VII 0
Internal-H2D(task5)-to-0,MemFlushOut,3.69172,3.69235,0.000636578,0,sdq,AMD Radeon VII 0
Internal-H2D(task5)-to-0,MemFlushOut,3.69236,3.69299,0.000635147,0,sdq,AMD Radeon VII 0
task5,Kernel,3.693,4.42425,0.731253,1048576,sdq,AMD Radeon VII 0
task6,Kernel,4.42426,5.15968,0.735423,1048576,sdq,AMD Radeon VII 0
task16,Kernel,5.15969,5.89178,0.732091,1048576,sdq,AMD Radeon VII 0
task7,Kernel,5.89179,6.62774,0.735952,1048576,sdq,AMD Radeon VII 0
task8,Kernel,6.62775,7.36352,0.735777,1048576,sdq,AMD Radeon VII 0
task10,Kernel,7.36353,8.09575,0.732223,1048576,sdq,AMD Radeon VII 0
task12,Kernel,8.09576,8.8277,0.731941,1048576,sdq,AMD Radeon VII 0
task19,Kernel,8.82771,9.5604,0.732691,1048576,sdq,AMD Radeon VII 0
task20,Kernel,9.56045,10.2955,0.73505,1048576,sdq,AMD Radeon VII 0
task9,Kernel,10.2955,11.0289,0.733321,1048576,sdq,AMD Radeon VII 0
task11,Kernel,11.0289,11.7634,0.734494,1048576,sdq,AMD Radeon VII 0
task13,Kernel,11.7634,12.4962,0.732763,1048576,sdq,AMD Radeon VII 0
task18,Kernel,12.4962,13.23,0.733829,1048576,sdq,AMD Radeon VII 0
task17,Kernel,13.23,13.9614,0.731344,1048576,sdq,AMD Radeon VII 0
task15,Kernel,13.9614,14.6955,0.73408,1048576,sdq,AMD Radeon VII 0
task14,Kernel,14.6955,15.431,0.735477,1048576,sdq,AMD Radeon VII 0
task26,Kernel,15.431,16.1634,0.732416,1048576,sdq,AMD Radeon VII 0
task24,Kernel,16.1634,16.898,0.73457,1048576,sdq,AMD Radeon VII 0
task27,Kernel,16.898,17.6363,0.738259,1048576,sdq,AMD Radeon VII 0
task22,Kernel,17.6363,18.3699,0.733559,1048576,sdq,AMD Radeon VII 0
task21,Kernel,18.3699,19.1052,0.735308,1048576,sdq,AMD Radeon VII 0
task23,Kernel,19.1052,19.8378,0.732614,1048576,sdq,AMD Radeon VII 0
task30,Kernel,19.8379,20.5716,0.733747,1048576,sdq,AMD Radeon VII 0
task29,Kernel,20.5716,21.3063,0.734685,1048576,sdq,AMD Radeon VII 0
task34,Kernel,21.3063,22.0375,0.731162,1048576,sdq,AMD Radeon VII 0
task41,Kernel,22.0375,22.7735,0.735973,1048576,sdq,AMD Radeon VII 0
task38,Kernel,22.7735,23.5059,0.732396,1048576,sdq,AMD Radeon VII 0
task33,Kernel,23.5059,24.2405,0.734596,1048576,sdq,AMD Radeon VII 0
task39,Kernel,24.2405,24.9749,0.734444,1048576,sdq,AMD Radeon VII 0
task25,Kernel,24.975,25.7135,0.738543,1048576,sdq,AMD Radeon VII 0
task32,Kernel,25.7135,26.4478,0.734302,1048576,sdq,AMD Radeon VII 0
task28,Kernel,26.4478,27.1807,0.73291,1048576,sdq,AMD Radeon VII 0
task36,Kernel,27.1808,27.9122,0.731422,1048576,sdq,AMD Radeon VII 0
task31,Kernel,27.9122,28.646,0.733795,1048576,sdq,AMD Radeon VII 0
task46,Kernel,28.646,29.3787,0.732736,1048576,sdq,AMD Radeon VII 0
task42,Kernel,29.3787,30.1148,0.736084,1048576,sdq,AMD Radeon VII 0
task45,Kernel,30.1148,30.8486,0.733765,1048576,sdq,AMD Radeon VII 0
task51,Kernel,30.8486,31.5841,0.73546,1048576,sdq,AMD Radeon VII 0
task35,Kernel,31.5841,32.3177,0.733657,1048576,sdq,AMD Radeon VII 0
task43,Kernel,32.3177,33.0538,0.736011,1048576,sdq,AMD Radeon VII 0
task47,Kernel,33.0538,33.786,0.732202,1048576,sdq,AMD Radeon VII 0
task37,Kernel,33.786,34.5238,0.737803,1048576,sdq,AMD Radeon VII 0
task44,Kernel,34.5238,35.2583,0.734554,1048576,sdq,AMD Radeon VII 0
task48,Kernel,35.2584,35.9941,0.7357,1048576,sdq,AMD Radeon VII 0
task50,Kernel,35.9941,36.7288,0.734753,1048576,sdq,AMD Radeon VII 0
task60,Kernel,36.7288,37.467,0.738152,1048576,sdq,AMD Radeon VII 0
task40,Kernel,37.467,38.203,0.736017,1048576,sdq,AMD Radeon VII 0
task54,Kernel,38.203,38.9388,0.735771,1048576,sdq,AMD Radeon VII 0
task49,Kernel,38.9388,39.6729,0.734085,1048576,sdq,AMD Radeon VII 0
task52,Kernel,39.6729,40.4093,0.736457,1048576,sdq,AMD Radeon VII 0
task53,Kernel,40.4093,41.1503,0.740926,1048576,sdq,AMD Radeon VII 0
task59,Kernel,41.1503,41.8848,0.734543,1048576,sdq,AMD Radeon VII 0
task55,Kernel,41.8848,42.6235,0.738668,1048576,sdq,AMD Radeon VII 0
task64,Kernel,42.6235,43.3559,0.73243,1048576,sdq,AMD Radeon VII 0
task58,Kernel,43.3559,44.0896,0.733717,1048576,sdq,AMD Radeon VII 0
task56,Kernel,44.0897,44.8227,0.733014,1048576,sdq,AMD Radeon VII 0
task61,Kernel,44.8227,45.5548,0.732133,1048576,sdq,AMD Radeon VII 0
task65,Kernel,45.5548,46.2899,0.73508,1048576,sdq,AMD Radeon VII 0
task57,Kernel,46.2899,47.0242,0.734296,1048576,sdq,AMD Radeon VII 0
task63,Kernel,47.0242,47.7596,0.73542,1048576,sdq,AMD Radeon VII 0
task62,Kernel,47.7596,48.4974,0.737758,1048576,sdq,AMD Radeon VII 0
task69,Kernel,48.4974,49.2288,0.731393,1048576,sdq,AMD Radeon VII 0
task71,Kernel,49.2288,49.9636,0.734814,1048576,sdq,AMD Radeon VII 0
task80,Kernel,49.9636,50.6962,0.732542,1048576,sdq,AMD Radeon VII 0
task68,Kernel,50.6962,51.4337,0.737564,1048576,sdq,AMD Radeon VII 0
task66,Kernel,51.4337,52.1691,0.735307,1048576,sdq,AMD Radeon VII 0
task72,Kernel,52.1691,52.9037,0.734621,1048576,sdq,AMD Radeon VII 0
task78,Kernel,52.9037,53.6368,0.733154,1048576,sdq,AMD Radeon VII 0
task70,Kernel,53.6369,54.3698,0.732939,1048576,sdq,AMD Radeon VII 0
task82,Kernel,54.3698,55.1012,0.731446,1048576,sdq,AMD Radeon VII 0
task73,Kernel,55.1013,55.8353,0.734085,1048576,sdq,AMD Radeon VII 0
task77,Kernel,55.8353,56.5687,0.73331,1048576,sdq,AMD Radeon VII 0
task88,Kernel,56.5687,57.2993,0.7306,1048576,sdq,AMD Radeon VII 0
task75,Kernel,57.2993,58.0338,0.734575,1048576,sdq,AMD Radeon VII 0
task76,Kernel,58.0339,58.7687,0.73482,1048576,sdq,AMD Radeon VII 0
task67,Kernel,58.7687,59.5024,0.733757,1048576,sdq,AMD Radeon VII 0
task97,Kernel,59.5024,60.2347,0.732226,1048576,sdq,AMD Radeon VII 0
task86,Kernel,60.2347,60.971,0.736322,1048576,sdq,AMD Radeon VII 0
task89,Kernel,60.971,61.7053,0.734322,1048576,sdq,AMD Radeon VII 0
task74,Kernel,61.7053,62.4373,0.731988,1048576,sdq,AMD Radeon VII 0
task79,Kernel,62.4373,63.1715,0.734184,1048576,sdq,AMD Radeon VII 0
task81,Kernel,63.1715,63.9072,0.73568,1048576,sdq,AMD Radeon VII 0
task83,Kernel,63.9072,64.6402,0.73294,1048576,sdq,AMD Radeon VII 0
task85,Kernel,64.6402,65.3725,0.732297,1048576,sdq,AMD Radeon VII 0
task90,Kernel,65.3725,66.1079,0.735445,1048576,sdq,AMD Radeon VII 0
task120,Kernel,66.1079,66.8425,0.734598,1048576,sdq,AMD Radeon VII 0
task92,Kernel,66.8425,67.5768,0.734307,1048576,sdq,AMD Radeon VII 0
task95,Kernel,67.5768,68.3113,0.734471,1048576,sdq,AMD Radeon VII 0
task84,Kernel,68.3113,69.0461,0.73478,1048576,sdq,AMD Radeon VII 0
task91,Kernel,69.0461,69.7788,0.73264,1048576,sdq,AMD Radeon VII 0
task87,Kernel,69.7788,70.5132,0.734426,1048576,sdq,AMD Radeon VII 0
task94,Kernel,70.5132,71.2504,0.737218,1048576,sdq,AMD Radeon VII 0
task129,Kernel,71.2504,71.982,0.731572,1048576,sdq,AMD Radeon VII 0
task98,Kernel,71.9821,72.7145,0.732475,1048576,sdq,AMD Radeon VII 0
task100,Kernel,72.7146,73.451,0.736439,1048576,sdq,AMD Radeon VII 0
task105,Kernel,73.451,74.189,0.737997,1048576,sdq,AMD Radeon VII 0
task96,Kernel,74.1891,74.9261,0.737029,1048576,sdq,AMD Radeon VII 0
task99,Kernel,74.9261,75.66,0.733904,1048576,sdq,AMD Radeon VII 0
task93,Kernel,75.66,76.3951,0.735074,1048576,sdq,AMD Radeon VII 0
task103,Kernel,76.3951,77.1258,0.730678,1048576,sdq,AMD Radeon VII 0
task102,Kernel,77.1258,77.8575,0.731676,1048576,sdq,AMD Radeon VII 0
task117,Kernel,77.8575,78.5923,0.734822,1048576,sdq,AMD Radeon VII 0
task101,Kernel,78.5923,79.3267,0.734363,1048576,sdq,AMD Radeon VII 0
task110,Kernel,79.3267,80.0626,0.735854,1048576,sdq,AMD Radeon VII 0
task107,Kernel,80.0626,80.7972,0.734648,1048576,sdq,AMD Radeon VII 0
task114,Kernel,80.7972,81.5309,0.733649,1048576,sdq,AMD Radeon VII 0
task106,Kernel,81.5309,82.2654,0.73457,1048576,sdq,AMD Radeon VII 0
task104,Kernel,82.2655,83.0003,0.734826,1048576,sdq,AMD Radeon VII 0
task108,Kernel,83.0003,83.7349,0.734579,1048576,sdq,AMD Radeon VII 0
task111,Kernel,83.7349,84.4686,0.733688,1048576,sdq,AMD Radeon VII 0
task118,Kernel,84.4686,85.1984,0.72987,1048576,sdq,AMD Radeon VII 0
task128,Kernel,85.1984,85.9306,0.732175,1048576,sdq,AMD Radeon VII 0
task109,Kernel,85.9306,86.6646,0.733925,1048576,sdq,AMD Radeon VII 0
task112,Kernel,86.6646,87.3975,0.73298,1048576,sdq,AMD Radeon VII 0
task113,Kernel,87.3975,88.1334,0.735816,1048576,sdq,AMD Radeon VII 0
task116,Kernel,88.1334,88.8666,0.733258,1048576,sdq,AMD Radeon VII 0
task115,Kernel,88.8666,89.6023,0.735646,1048576,sdq,AMD Radeon VII 0
task119,Kernel,89.6023,90.3361,0.733779,1048576,sdq,AMD Radeon VII 0
task126,Kernel,90.3361,91.0721,0.735996,1048576,sdq,AMD Radeon VII 0
task122,Kernel,91.0721,91.8038,0.73172,1048576,sdq,AMD Radeon VII 0
task121,Kernel,91.8038,92.5381,0.734261,1048576,sdq,AMD Radeon VII 0
task125,Kernel,92.5381,93.2736,0.735539,1048576,sdq,AMD Radeon VII 0
task132,Kernel,93.2736,94.0105,0.736875,1048576,sdq,AMD Radeon VII 0
task137,Kernel,94.0105,94.7447,0.734171,1048576,sdq,AMD Radeon VII 0
task127,Kernel,94.7447,95.4772,0.732531,1048576,sdq,AMD Radeon VII 0
task135,Kernel,95.4772,96.2117,0.734447,1048576,sdq,AMD Radeon VII 0
task123,Kernel,96.2117,96.9482,0.736504,1048576,sdq,AMD Radeon VII 0
task124,Kernel,96.9482,97.6826,0.734446,1048576,sdq,AMD Radeon VII 0
task131,Kernel,97.6826,98.4189,0.73625,1048576,sdq,AMD Radeon VII 0
task133,Kernel,98.4189,99.153,0.734103,1048576,sdq,AMD Radeon VII 0
task130,Kernel,99.153,99.8888,0.735777,1048576,sdq,AMD Radeon VII 0
task138,Kernel,99.8888,100.62,0.731377,1048576,sdq,AMD Radeon VII 0
task143,Kernel,100.62,101.356,0.735681,1048576,sdq,AMD Radeon VII 0
task140,Kernel,101.356,102.094,0.738547,1048576,sdq,AMD Radeon VII 0
task149,Kernel,102.094,102.828,0.733403,1048576,sdq,AMD Radeon VII 0
task134,Kernel,102.828,103.564,0.735797,1048576,sdq,AMD Radeon VII 0
task136,Kernel,103.564,104.299,0.734895,1048576,sdq,AMD Radeon VII 0
task139,Kernel,104.299,105.032,0.733478,1048576,sdq,AMD Radeon VII 0
task141,Kernel,105.032,105.769,0.737304,1048576,sdq,AMD Radeon VII 0
task142,Kernel,105.769,106.503,0.733863,1048576,sdq,AMD Radeon VII 0
task150,Kernel,106.503,107.241,0.737618,1048576,sdq,AMD Radeon VII 0
task153,Kernel,107.241,107.979,0.738045,1048576,sdq,AMD Radeon VII 0
task158,Kernel,107.979,108.714,0.735476,1048576,sdq,AMD Radeon VII 0
task160,Kernel,108.714,109.447,0.732767,1048576,sdq,AMD Radeon VII 0
task145,Kernel,109.447,110.187,0.739817,1048576,sdq,AMD Radeon VII 0
task148,Kernel,110.187,110.92,0.733488,1048576,sdq,AMD Radeon VII 0
task144,Kernel,110.92,111.648,0.727317,1048576,sdq,AMD Radeon VII 0
task152,Kernel,111.648,112.379,0.73152,1048576,sdq,AMD Radeon VII 0
task156,Kernel,112.379,113.111,0.73209,1048576,sdq,AMD Radeon VII 0
task146,Kernel,113.111,113.846,0.734667,1048576,sdq,AMD Radeon VII 0
task151,Kernel,113.846,114.586,0.739512,1048576,sdq,AMD Radeon VII 0
task164,Kernel,114.586,115.318,0.731896,1048576,sdq,AMD Radeon VII 0
task154,Kernel,115.318,116.052,0.734078,1048576,sdq,AMD Radeon VII 0
task165,Kernel,116.052,116.787,0.735263,1048576,sdq,AMD Radeon VII 0
task147,Kernel,116.787,117.522,0.735572,1048576,sdq,AMD Radeon VII 0
task161,Kernel,117.522,118.254,0.731705,1048576,sdq,AMD Radeon VII 0
task157,Kernel,118.254,118.988,0.734169,1048576,sdq,AMD Radeon VII 0
task172,Kernel,118.988,119.725,0.736481,1048576,sdq,AMD Radeon VII 0
task155,Kernel,119.725,120.456,0.731386,1048576,sdq,AMD Radeon VII 0
task159,Kernel,120.456,121.193,0.736572,1048576,sdq,AMD Radeon VII 0
task166,Kernel,121.193,121.928,0.735459,1048576,sdq,AMD Radeon VII 0
task163,Kernel,121.928,122.664,0.735522,1048576,sdq,AMD Radeon VII 0
task185,Kernel,122.664,123.399,0.734772,1048576,sdq,AMD Radeon VII 0
task162,Kernel,123.399,124.133,0.734189,1048576,sdq,AMD Radeon VII 0
task167,Kernel,124.133,124.869,0.735976,1048576,sdq,AMD Radeon VII 0
task171,Kernel,124.869,125.6,0.730989,1048576,sdq,AMD Radeon VII 0
task168,Kernel,125.6,126.33,0.730487,1048576,sdq,AMD Radeon VII 0
task173,Kernel,126.33,127.065,0.734655,1048576,sdq,AMD Radeon VII 0
task177,Kernel,127.065,127.798,0.733089,1048576,sdq,AMD Radeon VII 0
task169,Kernel,127.798,128.53,0.732225,1048576,sdq,AMD Radeon VII 0
task174,Kernel,128.53,129.261,0.730273,1048576,sdq,AMD Radeon VII 0
task180,Kernel,129.261,129.997,0.736381,1048576,sdq,AMD Radeon VII 0
task170,Kernel,129.997,130.734,0.736721,1048576,sdq,AMD Radeon VII 0
task181,Kernel,130.734,131.47,0.735851,1048576,sdq,AMD Radeon VII 0
task192,Kernel,131.47,132.209,0.739259,1048576,sdq,AMD Radeon VII 0
task178,Kernel,132.209,132.942,0.73305,1048576,sdq,AMD Radeon VII 0
task175,Kernel,132.942,133.674,0.732641,1048576,sdq,AMD Radeon VII 0
task183,Kernel,133.674,134.411,0.736624,1048576,sdq,AMD Radeon VII 0
task186,Kernel,134.411,135.142,0.731078,1048576,sdq,AMD Radeon VII 0
task176,Kernel,135.142,135.878,0.735879,1048576,sdq,AMD Radeon VII 0
task191,Kernel,135.878,136.615,0.737342,1048576,sdq,AMD Radeon VII 0
task179,Kernel,136.616,137.353,0.737259,1048576,sdq,AMD Radeon VII 0
task182,Kernel,137.353,138.091,0.738002,1048576,sdq,AMD Radeon VII 0
task184,Kernel,138.091,138.825,0.733726,1048576,sdq,AMD Radeon VII 0
task190,Kernel,138.825,139.562,0.737588,1048576,sdq,AMD Radeon VII 0
task189,Kernel,139.562,140.297,0.734522,1048576,sdq,AMD Radeon VII 0
task208,Kernel,140.297,141.034,0.737051,1048576,sdq,AMD Radeon VII 0
task188,Kernel,141.034,141.767,0.733358,1048576,sdq,AMD Radeon VII 0
task187,Kernel,141.767,142.5,0.732584,1048576,sdq,AMD Radeon VII 0
task194,Kernel,142.5,143.235,0.734884,1048576,sdq,AMD Radeon VII 0
task198,Kernel,143.235,143.966,0.73146,1048576,sdq,AMD Radeon VII 0
task193,Kernel,143.966,144.703,0.736818,1048576,sdq,AMD Radeon VII 0
task195,Kernel,144.703,145.436,0.732924,1048576,sdq,AMD Radeon VII 0
task197,Kernel,145.436,146.166,0.730042,1048576,sdq,AMD Radeon VII 0
task209,Kernel,146.166,146.9,0.734558,1048576,sdq,AMD Radeon VII 0
task196,Kernel,146.9,147.634,0.733721,1048576,sdq,AMD Radeon VII 0
task199,Kernel,147.634,148.372,0.738146,1048576,sdq,AMD Radeon VII 0
task201,Kernel,148.372,149.108,0.736166,1048576,sdq,AMD Radeon VII 0
task200,Kernel,149.108,149.845,0.736599,1048576,sdq,AMD Radeon VII 0
task203,Kernel,149.845,150.58,0.73485,1048576,sdq,AMD Radeon VII 0
task206,Kernel,150.58,151.313,0.732852,1048576,sdq,AMD Radeon VII 0
task210,Kernel,151.313,152.047,0.733757,1048576,sdq,AMD Radeon VII 0
task202,Kernel,152.047,152.781,0.734574,1048576,sdq,AMD Radeon VII 0
task204,Kernel,152.781,153.514,0.732406,1048576,sdq,AMD Radeon VII 0
task207,Kernel,153.514,154.249,0.735104,1048576,sdq,AMD Radeon VII 0
task211,Kernel,154.249,154.981,0.732748,1048576,sdq,AMD Radeon VII 0
task217,Kernel,154.981,155.713,0.731334,1048576,sdq,AMD Radeon VII 0
task222,Kernel,155.713,156.448,0.734968,1048576,sdq,AMD Radeon VII 0
task214,Kernel,156.448,157.183,0.735283,1048576,sdq,AMD Radeon VII 0
task216,Kernel,157.183,157.916,0.733024,1048576,sdq,AMD Radeon VII 0
task205,Kernel,157.916,158.648,0.732412,1048576,sdq,AMD Radeon VII 0
task212,Kernel,158.648,159.39,0.741236,1048576,sdq,AMD Radeon VII 0
task215,Kernel,159.39,160.124,0.734291,1048576,sdq,AMD Radeon VII 0
task220,Kernel,160.124,160.858,0.733727,1048576,sdq,AMD Radeon VII 0
task219,Kernel,160.858,161.594,0.736117,1048576,sdq,AMD Radeon VII 0
task234,Kernel,161.594,162.326,0.732354,1048576,sdq,AMD Radeon VII 0
task225,Kernel,162.326,163.06,0.733903,1048576,sdq,AMD Radeon VII 0
task218,Kernel,163.06,163.797,0.736903,1048576,sdq,AMD Radeon VII 0
task228,Kernel,163.797,164.528,0.731244,1048576,sdq,AMD Radeon VII 0
task213,Kernel,164.528,165.264,0.735944,1048576,sdq,AMD Radeon VII 0
task224,Kernel,165.264,165.999,0.734421,1048576,sdq,AMD Radeon VII 0
task221,Kernel,165.999,166.732,0.733135,1048576,sdq,AMD Radeon VII 0
task226,Kernel,166.732,167.468,0.735926,1048576,sdq,AMD Radeon VII 0
task229,Kernel,167.468,168.2,0.732478,1048576,sdq,AMD Radeon VII 0
task235,Kernel,168.2,168.933,0.732466,1048576,sdq,AMD Radeon VII 0
task223,Kernel,168.933,169.666,0.733149,1048576,sdq,AMD Radeon VII 0
task230,Kernel,169.666,170.4,0.733634,1048576,sdq,AMD Radeon VII 0
task232,Kernel,170.4,171.132,0.732793,1048576,sdq,AMD Radeon VII 0
task227,Kernel,171.132,171.869,0.736341,1048576,sdq,AMD Radeon VII 0
task231,Kernel,171.869,172.6,0.731518,1048576,sdq,AMD Radeon VII 0
task233,Kernel,172.6,173.337,0.736714,1048576,sdq,AMD Radeon VII 0
task238,Kernel,173.337,174.07,0.733128,1048576,sdq,AMD Radeon VII 0
task239,Kernel,174.07,174.802,0.731852,1048576,sdq,AMD Radeon VII 0
task237,Kernel,174.802,175.538,0.736366,1048576,sdq,AMD Radeon VII 0
task236,Kernel,175.538,176.272,0.733955,1048576,sdq,AMD Radeon VII 0
task240,Kernel,176.272,177.007,0.73517,1048576,sdq,AMD Radeon VII 0
Internal-D2H(final_d2h)-from-0,MemFlushOut,177.008,177.009,0.000657082,0,data,AMD Radeon VII 0
Internal-D2H(final_d2h)-from-0,MemFlushOut,177.009,177.009,0.000601292,0,data,AMD Radeon VII 0
Internal-D2H(final_d2h)-from-0,MemFlushOut,177.009,177.01,0.000598907,0,data,AMD Radeon VII 0
Internal-D2H(final_d2h)-from-0,MemFlushOut,177.01,177.01,0.000599146,0,data,AMD Radeon VII 0
Internal-D2H(final_d2h)-from-0,MemFlushOut,177.01,177.011,0.000603437,0,data,AMD Radeon VII 0
Internal-D2H(final_d2h)-from-0,MemFlushOut,177.011,177.012,0.000599146,0,data,AMD Radeon VII 0
