taskname,type,start,end,duration,size,policy,acclname
Internal-H2D(task0)-to-0,MemFlushOut,0.0134513,0.0151753,0.001724,0,random,AMD Radeon VII 0
Internal-H2D(task0)-to-0,MemFlushOut,0.0152225,0.0159206,0.00069809,0,random,AMD Radeon VII 0
Internal-H2D(task0)-to-0,MemFlushOut,0.0159373,0.0165858,0.000648499,0,random,AMD Radeon VII 0
task0,Kernel,0.0165999,0.750751,0.734151,1048576,random,AMD Radeon VII 0
Internal-H2D(task1)-to-0,MemFlushOut,0.750829,0.751504,0.000674725,140009992564320,random,AMD Radeon VII 0
Internal-H2D(task1)-to-0,MemFlushOut,0.751514,0.752155,0.000641108,140009992564320,random,AMD Radeon VII 0
Internal-H2D(task1)-to-0,MemFlushOut,0.752163,0.752802,0.000638485,140009992564320,random,AMD Radeon VII 0
task1,Kernel,0.75281,1.48954,0.736731,1048576,random,AMD Radeon VII 0
Internal-H2D(task2)-to-0,MemFlushOut,1.48955,1.49027,0.00072217,140009992563936,random,AMD Radeon VII 0
Internal-H2D(task2)-to-0,MemFlushOut,1.49028,1.49092,0.000641584,140009992563936,random,AMD Radeon VII 0
Internal-H2D(task2)-to-0,MemFlushOut,1.49093,1.49157,0.000639439,140009992563936,random,AMD Radeon VII 0
task2,Kernel,1.49158,2.23111,0.739535,1048576,random,AMD Radeon VII 0
Internal-H2D(task3)-to-0,MemFlushOut,2.23112,2.23181,0.000687599,140009992563936,random,AMD Radeon VII 0
Internal-H2D(task3)-to-0,MemFlushOut,2.23182,2.23246,0.000640869,140009992563936,random,AMD Radeon VII 0
Internal-H2D(task3)-to-0,MemFlushOut,2.23247,2.2331,0.000638723,140009992563936,random,AMD Radeon VII 0
task3,Kernel,2.23311,2.96581,0.7327,1048576,random,AMD Radeon VII 0
Internal-H2D(task4)-to-0,MemFlushOut,2.96582,2.9665,0.000684261,0,random,AMD Radeon VII 0
Internal-H2D(task4)-to-0,MemFlushOut,2.96651,2.96715,0.000640392,0,random,AMD Radeon VII 0
Internal-H2D(task4)-to-0,MemFlushOut,2.96716,2.9678,0.000640631,0,random,AMD Radeon VII 0
task4,Kernel,2.96781,3.70477,0.736957,1048576,random,AMD Radeon VII 0
Internal-H2D(task5)-to-0,MemFlushOut,3.70477,3.70546,0.000687122,0,random,AMD Radeon VII 0
Internal-H2D(task5)-to-0,MemFlushOut,3.70547,3.70611,0.000641346,0,random,AMD Radeon VII 0
Internal-H2D(task5)-to-0,MemFlushOut,3.70612,3.70676,0.000638962,0,random,AMD Radeon VII 0
task5,Kernel,3.70677,4.4416,0.734838,1048576,random,AMD Radeon VII 0
task6,Kernel,4.44161,5.17736,0.735745,1048576,random,AMD Radeon VII 0
task16,Kernel,5.17739,5.91256,0.735163,1048576,random,AMD Radeon VII 0
task7,Kernel,5.91257,6.65061,0.738042,1048576,random,AMD Radeon VII 0
task8,Kernel,6.65062,7.38491,0.734284,1048576,random,AMD Radeon VII 0
task10,Kernel,7.38492,8.11835,0.733432,1048576,random,AMD Radeon VII 0
task12,Kernel,8.11837,8.84821,0.729842,1048576,random,AMD Radeon VII 0
task19,Kernel,8.84822,9.58234,0.734121,1048576,random,AMD Radeon VII 0
task20,Kernel,9.58236,10.3187,0.736305,1048576,random,AMD Radeon VII 0
task9,Kernel,10.3187,11.0526,0.733871,1048576,random,AMD Radeon VII 0
task11,Kernel,11.0526,11.7867,0.734116,1048576,random,AMD Radeon VII 0
task13,Kernel,11.7867,12.5226,0.735893,1048576,random,AMD Radeon VII 0
task18,Kernel,12.5227,13.2567,0.734079,1048576,random,AMD Radeon VII 0
task17,Kernel,13.2568,13.9896,0.732804,1048576,random,AMD Radeon VII 0
task15,Kernel,13.9896,14.7232,0.73364,1048576,random,AMD Radeon VII 0
task14,Kernel,14.7232,15.4592,0.735952,1048576,random,AMD Radeon VII 0
task26,Kernel,15.4592,16.1922,0.733018,1048576,random,AMD Radeon VII 0
task24,Kernel,16.1922,16.9298,0.737609,1048576,random,AMD Radeon VII 0
task27,Kernel,16.9298,17.6644,0.73453,1048576,random,AMD Radeon VII 0
task22,Kernel,17.6644,18.4002,0.735785,1048576,random,AMD Radeon VII 0
task21,Kernel,18.4002,19.134,0.733854,1048576,random,AMD Radeon VII 0
task23,Kernel,19.134,19.8709,0.736807,1048576,random,AMD Radeon VII 0
task30,Kernel,19.8709,20.6045,0.733665,1048576,random,AMD Radeon VII 0
task29,Kernel,20.6045,21.3402,0.735657,1048576,random,AMD Radeon VII 0
task34,Kernel,21.3402,22.0763,0.736071,1048576,random,AMD Radeon VII 0
task41,Kernel,22.0763,22.8108,0.734523,1048576,random,AMD Radeon VII 0
task38,Kernel,22.8108,23.5447,0.733901,1048576,random,AMD Radeon VII 0
task33,Kernel,23.5447,24.2774,0.732625,1048576,random,AMD Radeon VII 0
task39,Kernel,24.2774,25.0104,0.733044,1048576,random,AMD Radeon VII 0
task25,Kernel,25.0105,25.743,0.732523,1048576,random,AMD Radeon VII 0
task32,Kernel,25.743,26.474,0.731038,1048576,random,AMD Radeon VII 0
task28,Kernel,26.474,27.2071,0.733085,1048576,random,AMD Radeon VII 0
task36,Kernel,27.2071,27.9403,0.733158,1048576,random,AMD Radeon VII 0
task31,Kernel,27.9403,28.6765,0.736185,1048576,random,AMD Radeon VII 0
task46,Kernel,28.6765,29.4091,0.732627,1048576,random,AMD Radeon VII 0
task42,Kernel,29.4091,30.1449,0.73578,1048576,random,AMD Radeon VII 0
task45,Kernel,30.145,30.8829,0.73794,1048576,random,AMD Radeon VII 0
task51,Kernel,30.8829,31.6161,0.733117,1048576,random,AMD Radeon VII 0
task35,Kernel,31.6161,32.3507,0.734668,1048576,random,AMD Radeon VII 0
task43,Kernel,32.3508,33.0873,0.736503,1048576,random,AMD Radeon VII 0
task47,Kernel,33.0873,33.8225,0.735251,1048576,random,AMD Radeon VII 0
task37,Kernel,33.8225,34.5563,0.733813,1048576,random,AMD Radeon VII 0
task44,Kernel,34.5564,35.2896,0.733232,1048576,random,AMD Radeon VII 0
task48,Kernel,35.2896,36.0235,0.733927,1048576,random,AMD Radeon VII 0
task50,Kernel,36.0235,36.7552,0.731655,1048576,random,AMD Radeon VII 0
task60,Kernel,36.7552,37.4927,0.737479,1048576,random,AMD Radeon VII 0
task40,Kernel,37.4927,38.2285,0.735782,1048576,random,AMD Radeon VII 0
task54,Kernel,38.2285,38.9643,0.735775,1048576,random,AMD Radeon VII 0
task49,Kernel,38.9643,39.6977,0.733411,1048576,random,AMD Radeon VII 0
task52,Kernel,39.6977,40.4338,0.736146,1048576,random,AMD Radeon VII 0
task53,Kernel,40.4339,41.1665,0.732667,1048576,random,AMD Radeon VII 0
task59,Kernel,41.1665,41.9021,0.735543,1048576,random,AMD Radeon VII 0
task55,Kernel,41.9021,42.6419,0.739798,1048576,random,AMD Radeon VII 0
task64,Kernel,42.6419,43.3729,0.731008,1048576,random,AMD Radeon VII 0
task58,Kernel,43.3729,44.1136,0.740662,1048576,random,AMD Radeon VII 0
task56,Kernel,44.1136,44.8489,0.735307,1048576,random,AMD Radeon VII 0
task61,Kernel,44.8489,45.584,0.735124,1048576,random,AMD Radeon VII 0
task65,Kernel,45.5841,46.3191,0.73507,1048576,random,AMD Radeon VII 0
task57,Kernel,46.3191,47.0568,0.737659,1048576,random,AMD Radeon VII 0
task63,Kernel,47.0568,47.7878,0.73101,1048576,random,AMD Radeon VII 0
task62,Kernel,47.7878,48.5224,0.734599,1048576,random,AMD Radeon VII 0
task69,Kernel,48.5224,49.2571,0.734652,1048576,random,AMD Radeon VII 0
task71,Kernel,49.2571,49.9951,0.737956,1048576,random,AMD Radeon VII 0
task80,Kernel,49.9951,50.7304,0.735368,1048576,random,AMD Radeon VII 0
task68,Kernel,50.7304,51.4612,0.730763,1048576,random,AMD Radeon VII 0
task66,Kernel,51.4612,52.199,0.737808,1048576,random,AMD Radeon VII 0
task72,Kernel,52.199,52.9313,0.732264,1048576,random,AMD Radeon VII 0
task78,Kernel,52.9313,53.6687,0.737355,1048576,random,AMD Radeon VII 0
task70,Kernel,53.6687,54.3999,0.731256,1048576,random,AMD Radeon VII 0
task82,Kernel,54.4,55.1342,0.734248,1048576,random,AMD Radeon VII 0
task73,Kernel,55.1342,55.87,0.735826,1048576,random,AMD Radeon VII 0
task77,Kernel,55.8701,56.6022,0.732193,1048576,random,AMD Radeon VII 0
task88,Kernel,56.6023,57.3357,0.733459,1048576,random,AMD Radeon VII 0
task75,Kernel,57.3357,58.0717,0.73599,1048576,random,AMD Radeon VII 0
task76,Kernel,58.0717,58.8043,0.732538,1048576,random,AMD Radeon VII 0
task67,Kernel,58.8043,59.5392,0.73491,1048576,random,AMD Radeon VII 0
task97,Kernel,59.5392,60.2741,0.734911,1048576,random,AMD Radeon VII 0
task86,Kernel,60.2742,61.0086,0.734445,1048576,random,AMD Radeon VII 0
task89,Kernel,61.0086,61.7458,0.737227,1048576,random,AMD Radeon VII 0
task74,Kernel,61.7458,62.4792,0.733397,1048576,random,AMD Radeon VII 0
task79,Kernel,62.4793,63.2138,0.734544,1048576,random,AMD Radeon VII 0
task81,Kernel,63.2138,63.9506,0.73682,1048576,random,AMD Radeon VII 0
task83,Kernel,63.9506,64.6891,0.738459,1048576,random,AMD Radeon VII 0
task85,Kernel,64.6891,65.4298,0.740667,1048576,random,AMD Radeon VII 0
task90,Kernel,65.4298,66.1664,0.736623,1048576,random,AMD Radeon VII 0
task120,Kernel,66.1664,66.8991,0.732646,1048576,random,AMD Radeon VII 0
task92,Kernel,66.8991,67.6364,0.737331,1048576,random,AMD Radeon VII 0
task95,Kernel,67.6364,68.371,0.73459,1048576,random,AMD Radeon VII 0
task84,Kernel,68.371,69.1078,0.736767,1048576,random,AMD Radeon VII 0
task91,Kernel,69.1078,69.8447,0.736833,1048576,random,AMD Radeon VII 0
task87,Kernel,69.8447,70.5777,0.733002,1048576,random,AMD Radeon VII 0
task94,Kernel,70.5777,71.3138,0.736088,1048576,random,AMD Radeon VII 0
task129,Kernel,71.3138,72.0469,0.733129,1048576,random,AMD Radeon VII 0
task98,Kernel,72.0469,72.7792,0.732266,1048576,random,AMD Radeon VII 0
task100,Kernel,72.7792,73.5157,0.736463,1048576,random,AMD Radeon VII 0
task105,Kernel,73.5157,74.2532,0.737482,1048576,random,AMD Radeon VII 0
task96,Kernel,74.2532,74.9896,0.736375,1048576,random,AMD Radeon VII 0
task99,Kernel,74.9896,75.7226,0.732986,1048576,random,AMD Radeon VII 0
task93,Kernel,75.7226,76.4572,0.734532,1048576,random,AMD Radeon VII 0
task103,Kernel,76.4572,77.1866,0.729456,1048576,random,AMD Radeon VII 0
task102,Kernel,77.1867,77.9199,0.733237,1048576,random,AMD Radeon VII 0
task117,Kernel,77.9199,78.6524,0.732536,1048576,random,AMD Radeon VII 0
task101,Kernel,78.6525,79.3858,0.733312,1048576,random,AMD Radeon VII 0
task110,Kernel,79.3858,80.1192,0.733466,1048576,random,AMD Radeon VII 0
task107,Kernel,80.1193,80.8549,0.735607,1048576,random,AMD Radeon VII 0
task114,Kernel,80.8549,81.5877,0.732791,1048576,random,AMD Radeon VII 0
task106,Kernel,81.5877,82.3204,0.732746,1048576,random,AMD Radeon VII 0
task104,Kernel,82.3204,83.0562,0.735727,1048576,random,AMD Radeon VII 0
task108,Kernel,83.0562,83.7907,0.734542,1048576,random,AMD Radeon VII 0
task111,Kernel,83.7907,84.5256,0.734835,1048576,random,AMD Radeon VII 0
task118,Kernel,84.5256,85.2573,0.731711,1048576,random,AMD Radeon VII 0
task128,Kernel,85.2573,85.9909,0.733618,1048576,random,AMD Radeon VII 0
task109,Kernel,85.9909,86.7255,0.73452,1048576,random,AMD Radeon VII 0
task112,Kernel,86.7255,87.4612,0.735776,1048576,random,AMD Radeon VII 0
task113,Kernel,87.4613,88.2008,0.7395,1048576,random,AMD Radeon VII 0
task116,Kernel,88.2008,88.9368,0.736023,1048576,random,AMD Radeon VII 0
task115,Kernel,88.9368,89.6711,0.734338,1048576,random,AMD Radeon VII 0
task119,Kernel,89.6712,90.4061,0.734963,1048576,random,AMD Radeon VII 0
task126,Kernel,90.4061,91.1392,0.733031,1048576,random,AMD Radeon VII 0
task122,Kernel,91.1392,91.8723,0.733065,1048576,random,AMD Radeon VII 0
task121,Kernel,91.8723,92.6092,0.736882,1048576,random,AMD Radeon VII 0
task125,Kernel,92.6092,93.3414,0.732226,1048576,random,AMD Radeon VII 0
task132,Kernel,93.3414,94.0767,0.73527,1048576,random,AMD Radeon VII 0
task137,Kernel,94.0767,94.8112,0.734453,1048576,random,AMD Radeon VII 0
task127,Kernel,94.8112,95.5467,0.73554,1048576,random,AMD Radeon VII 0
task135,Kernel,95.5467,96.2843,0.737545,1048576,random,AMD Radeon VII 0
task123,Kernel,96.2843,97.018,0.733709,1048576,random,AMD Radeon VII 0
task124,Kernel,97.018,97.7496,0.731611,1048576,random,AMD Radeon VII 0
task131,Kernel,97.7496,98.4868,0.737198,1048576,random,AMD Radeon VII 0
task133,Kernel,98.4868,99.2206,0.733743,1048576,random,AMD Radeon VII 0
task130,Kernel,99.2206,99.9558,0.735158,1048576,random,AMD Radeon VII 0
task138,Kernel,99.9558,100.693,0.737177,1048576,random,AMD Radeon VII 0
task143,Kernel,100.693,101.425,0.732277,1048576,random,AMD Radeon VII 0
task140,Kernel,101.425,102.158,0.733199,1048576,random,AMD Radeon VII 0
task149,Kernel,102.158,102.892,0.733903,1048576,random,AMD Radeon VII 0
task134,Kernel,102.892,103.628,0.735742,1048576,random,AMD Radeon VII 0
task136,Kernel,103.628,104.367,0.738468,1048576,random,AMD Radeon VII 0
task139,Kernel,104.367,105.102,0.735049,1048576,random,AMD Radeon VII 0
task141,Kernel,105.102,105.833,0.731486,1048576,random,AMD Radeon VII 0
task142,Kernel,105.833,106.569,0.736121,1048576,random,AMD Radeon VII 0
task150,Kernel,106.569,107.303,0.73412,1048576,random,AMD Radeon VII 0
task153,Kernel,107.303,108.037,0.733309,1048576,random,AMD Radeon VII 0
task158,Kernel,108.037,108.773,0.736104,1048576,random,AMD Radeon VII 0
task160,Kernel,108.773,109.506,0.733125,1048576,random,AMD Radeon VII 0
task145,Kernel,109.506,110.245,0.739207,1048576,random,AMD Radeon VII 0
task148,Kernel,110.245,110.977,0.731497,1048576,random,AMD Radeon VII 0
task144,Kernel,110.977,111.706,0.729233,1048576,random,AMD Radeon VII 0
task152,Kernel,111.706,112.44,0.733958,1048576,random,AMD Radeon VII 0
task156,Kernel,112.44,113.175,0.734758,1048576,random,AMD Radeon VII 0
task146,Kernel,113.175,113.91,0.735345,1048576,random,AMD Radeon VII 0
task151,Kernel,113.91,114.643,0.732958,1048576,random,AMD Radeon VII 0
task164,Kernel,114.643,115.379,0.73564,1048576,random,AMD Radeon VII 0
task154,Kernel,115.379,116.111,0.732607,1048576,random,AMD Radeon VII 0
task165,Kernel,116.111,116.845,0.733365,1048576,random,AMD Radeon VII 0
task147,Kernel,116.845,117.579,0.734519,1048576,random,AMD Radeon VII 0
task161,Kernel,117.579,118.315,0.736178,1048576,random,AMD Radeon VII 0
task157,Kernel,118.315,119.053,0.737393,1048576,random,AMD Radeon VII 0
task172,Kernel,119.053,119.783,0.73053,1048576,random,AMD Radeon VII 0
task155,Kernel,119.783,120.514,0.730803,1048576,random,AMD Radeon VII 0
task159,Kernel,120.514,121.251,0.736376,1048576,random,AMD Radeon VII 0
task166,Kernel,121.251,121.983,0.732054,1048576,random,AMD Radeon VII 0
task163,Kernel,121.983,122.716,0.73341,1048576,random,AMD Radeon VII 0
task185,Kernel,122.716,123.455,0.738907,1048576,random,AMD Radeon VII 0
task162,Kernel,123.455,124.187,0.731957,1048576,random,AMD Radeon VII 0
task167,Kernel,124.187,124.921,0.734328,1048576,random,AMD Radeon VII 0
task171,Kernel,124.921,125.656,0.734317,1048576,random,AMD Radeon VII 0
task168,Kernel,125.656,126.389,0.733683,1048576,random,AMD Radeon VII 0
task173,Kernel,126.389,127.121,0.73188,1048576,random,AMD Radeon VII 0
task177,Kernel,127.121,127.86,0.738342,1048576,random,AMD Radeon VII 0
task169,Kernel,127.86,128.594,0.734054,1048576,random,AMD Radeon VII 0
task174,Kernel,128.594,129.329,0.735774,1048576,random,AMD Radeon VII 0
task180,Kernel,129.329,130.067,0.737178,1048576,random,AMD Radeon VII 0
task170,Kernel,130.067,130.799,0.731956,1048576,random,AMD Radeon VII 0
task181,Kernel,130.799,131.533,0.734694,1048576,random,AMD Radeon VII 0
task192,Kernel,131.533,132.267,0.733697,1048576,random,AMD Radeon VII 0
task178,Kernel,132.267,133.001,0.73379,1048576,random,AMD Radeon VII 0
task175,Kernel,133.001,133.737,0.735908,1048576,random,AMD Radeon VII 0
task183,Kernel,133.737,134.479,0.742187,1048576,random,AMD Radeon VII 0
task186,Kernel,134.479,135.213,0.734189,1048576,random,AMD Radeon VII 0
task176,Kernel,135.213,135.946,0.733057,1048576,random,AMD Radeon VII 0
task191,Kernel,135.946,136.682,0.735328,1048576,random,AMD Radeon VII 0
task179,Kernel,136.682,137.417,0.735838,1048576,random,AMD Radeon VII 0
task182,Kernel,137.417,138.151,0.733594,1048576,random,AMD Radeon VII 0
task184,Kernel,138.151,138.887,0.735994,1048576,random,AMD Radeon VII 0
task190,Kernel,138.887,139.623,0.73593,1048576,random,AMD Radeon VII 0
task189,Kernel,139.623,140.361,0.738222,1048576,random,AMD Radeon VII 0
task208,Kernel,140.361,141.095,0.734189,1048576,random,AMD Radeon VII 0
task188,Kernel,141.095,141.829,0.733152,1048576,random,AMD Radeon VII 0
task187,Kernel,141.829,142.563,0.734725,1048576,random,AMD Radeon VII 0
task194,Kernel,142.563,143.297,0.734027,1048576,random,AMD Radeon VII 0
task198,Kernel,143.297,144.033,0.735295,1048576,random,AMD Radeon VII 0
task193,Kernel,144.033,144.769,0.736634,1048576,random,AMD Radeon VII 0
task195,Kernel,144.769,145.509,0.739282,1048576,random,AMD Radeon VII 0
task197,Kernel,145.509,146.243,0.734795,1048576,random,AMD Radeon VII 0
task209,Kernel,146.243,146.976,0.732524,1048576,random,AMD Radeon VII 0
task196,Kernel,146.976,147.712,0.735724,1048576,random,AMD Radeon VII 0
task199,Kernel,147.712,148.446,0.733871,1048576,random,AMD Radeon VII 0
task201,Kernel,148.446,149.183,0.737649,1048576,random,AMD Radeon VII 0
task200,Kernel,149.183,149.914,0.730366,1048576,random,AMD Radeon VII 0
task203,Kernel,149.914,150.651,0.737164,1048576,random,AMD Radeon VII 0
task206,Kernel,150.651,151.387,0.736156,1048576,random,AMD Radeon VII 0
task210,Kernel,151.387,152.123,0.736058,1048576,random,AMD Radeon VII 0
task202,Kernel,152.123,152.86,0.736466,1048576,random,AMD Radeon VII 0
task204,Kernel,152.86,153.592,0.732239,1048576,random,AMD Radeon VII 0
task207,Kernel,153.592,154.324,0.731891,1048576,random,AMD Radeon VII 0
task211,Kernel,154.324,155.061,0.73689,1048576,random,AMD Radeon VII 0
task217,Kernel,155.061,155.791,0.730311,1048576,random,AMD Radeon VII 0
task222,Kernel,155.791,156.524,0.733423,1048576,random,AMD Radeon VII 0
task214,Kernel,156.524,157.257,0.732402,1048576,random,AMD Radeon VII 0
task216,Kernel,157.257,157.993,0.736018,1048576,random,AMD Radeon VII 0
task205,Kernel,157.993,158.723,0.730186,1048576,random,AMD Radeon VII 0
task212,Kernel,158.723,159.46,0.736948,1048576,random,AMD Radeon VII 0
task215,Kernel,159.46,160.196,0.735772,1048576,random,AMD Radeon VII 0
task220,Kernel,160.196,160.93,0.734147,1048576,random,AMD Radeon VII 0
task219,Kernel,160.93,161.663,0.7326,1048576,random,AMD Radeon VII 0
task234,Kernel,161.663,162.399,0.736616,1048576,random,AMD Radeon VII 0
task225,Kernel,162.399,163.13,0.731204,1048576,random,AMD Radeon VII 0
task218,Kernel,163.13,163.863,0.732862,1048576,random,AMD Radeon VII 0
task228,Kernel,163.863,164.598,0.734972,1048576,random,AMD Radeon VII 0
task213,Kernel,164.598,165.335,0.736887,1048576,random,AMD Radeon VII 0
task224,Kernel,165.335,166.067,0.732232,1048576,random,AMD Radeon VII 0
task221,Kernel,166.067,166.801,0.733129,1048576,random,AMD Radeon VII 0
task226,Kernel,166.801,167.534,0.733074,1048576,random,AMD Radeon VII 0
task229,Kernel,167.534,168.27,0.735984,1048576,random,AMD Radeon VII 0
task235,Kernel,168.27,169.003,0.73304,1048576,random,AMD Radeon VII 0
task223,Kernel,169.003,169.737,0.734284,1048576,random,AMD Radeon VII 0
task230,Kernel,169.737,170.471,0.733727,1048576,random,AMD Radeon VII 0
task232,Kernel,170.471,171.206,0.734962,1048576,random,AMD Radeon VII 0
task227,Kernel,171.206,171.942,0.736276,1048576,random,AMD Radeon VII 0
task231,Kernel,171.942,172.678,0.736037,1048576,random,AMD Radeon VII 0
task233,Kernel,172.678,173.414,0.735929,1048576,random,AMD Radeon VII 0
task238,Kernel,173.414,174.152,0.738406,1048576,random,AMD Radeon VII 0
task239,Kernel,174.152,174.883,0.731007,1048576,random,AMD Radeon VII 0
task237,Kernel,174.883,175.62,0.736126,1048576,random,AMD Radeon VII 0
task236,Kernel,175.62,176.355,0.734991,1048576,random,AMD Radeon VII 0
task240,Kernel,176.355,177.092,0.737281,1048576,random,AMD Radeon VII 0
Internal-D2H(final_d2h)-from-0,MemFlushOut,177.092,177.093,0.000654697,0,data,AMD Radeon VII 0
Internal-D2H(final_d2h)-from-0,MemFlushOut,177.093,177.093,0.000600815,0,data,AMD Radeon VII 0
Internal-D2H(final_d2h)-from-0,MemFlushOut,177.093,177.094,0.000601292,0,data,AMD Radeon VII 0
Internal-D2H(final_d2h)-from-0,MemFlushOut,177.094,177.095,0.000600338,0,data,AMD Radeon VII 0
Internal-D2H(final_d2h)-from-0,MemFlushOut,177.095,177.095,0.000600338,0,data,AMD Radeon VII 0
Internal-D2H(final_d2h)-from-0,MemFlushOut,177.095,177.096,0.000601053,0,data,AMD Radeon VII 0
