taskname,type,start,end,duration,size,policy,acclname
Internal-H2D(task0)-to-0,MemFlushOut,0.00495481,0.00735927,0.00240445,0,ftf,AMD Radeon VII 0
Internal-H2D(task0)-to-0,MemFlushOut,0.00743961,0.00817156,0.000731945,0,ftf,AMD Radeon VII 0
Internal-H2D(task0)-to-0,MemFlushOut,0.00818872,0.00892425,0.000735521,0,ftf,AMD Radeon VII 0
task0,Kernel,0.00893974,0.744351,0.735411,1048576,ftf,AMD Radeon VII 0
Internal-H2D(task1)-to-0,MemFlushOut,0.744444,0.745124,0.000679731,140428067237472,ftf,AMD Radeon VII 0
Internal-H2D(task1)-to-0,MemFlushOut,0.74513,0.745771,0.000641108,140428067237472,ftf,AMD Radeon VII 0
Internal-H2D(task1)-to-0,MemFlushOut,0.745776,0.746415,0.000638962,140428067237472,ftf,AMD Radeon VII 0
task1,Kernel,0.746419,1.4808,0.734377,1048576,ftf,AMD Radeon VII 0
Internal-H2D(task2)-to-0,MemFlushOut,1.4808,1.48148,0.000673771,140428067237088,ftf,AMD Radeon VII 0
Internal-H2D(task2)-to-0,MemFlushOut,1.48148,1.48212,0.000638485,140428067237088,ftf,AMD Radeon VII 0
Internal-H2D(task2)-to-0,MemFlushOut,1.48213,1.48276,0.000636339,140428067237088,ftf,AMD Radeon VII 0
task2,Kernel,1.48277,2.21872,0.735956,1048576,ftf,AMD Radeon VII 0
Internal-H2D(task3)-to-0,MemFlushOut,2.21873,2.21942,0.0006814,140428067237088,ftf,AMD Radeon VII 0
Internal-H2D(task3)-to-0,MemFlushOut,2.21942,2.22006,0.000638723,140428067237088,ftf,AMD Radeon VII 0
Internal-H2D(task3)-to-0,MemFlushOut,2.22006,2.2207,0.000638962,140428067237088,ftf,AMD Radeon VII 0
task3,Kernel,2.22071,2.95689,0.736178,1048576,ftf,AMD Radeon VII 0
Internal-H2D(task4)-to-0,MemFlushOut,2.9569,2.95758,0.000678778,0,ftf,AMD Radeon VII 0
Internal-H2D(task4)-to-0,MemFlushOut,2.95758,2.95822,0.000641108,0,ftf,AMD Radeon VII 0
Internal-H2D(task4)-to-0,MemFlushOut,2.95823,2.95886,0.000635147,0,ftf,AMD Radeon VII 0
task4,Kernel,2.95887,3.69181,0.732947,1048576,ftf,AMD Radeon VII 0
Internal-H2D(task5)-to-0,MemFlushOut,3.69182,3.6925,0.000675678,0,ftf,AMD Radeon VII 0
Internal-H2D(task5)-to-0,MemFlushOut,3.6925,3.69314,0.000637293,0,ftf,AMD Radeon VII 0
Internal-H2D(task5)-to-0,MemFlushOut,3.69315,3.69378,0.000636339,0,ftf,AMD Radeon VII 0
task5,Kernel,3.69379,4.43062,0.736836,1048576,ftf,AMD Radeon VII 0
task6,Kernel,4.43063,5.16534,0.734703,1048576,ftf,AMD Radeon VII 0
task16,Kernel,5.16534,5.90026,0.734915,1048576,ftf,AMD Radeon VII 0
task7,Kernel,5.9003,6.63889,0.738595,1048576,ftf,AMD Radeon VII 0
task8,Kernel,6.63892,7.37872,0.739798,1048576,ftf,AMD Radeon VII 0
task10,Kernel,7.37873,8.11693,0.738203,1048576,ftf,AMD Radeon VII 0
task12,Kernel,8.11694,8.85183,0.734891,1048576,ftf,AMD Radeon VII 0
task19,Kernel,8.85184,9.58453,0.732696,1048576,ftf,AMD Radeon VII 0
task20,Kernel,9.58457,10.3189,0.734377,1048576,ftf,AMD Radeon VII 0
task9,Kernel,10.319,11.0506,0.731599,1048576,ftf,AMD Radeon VII 0
task11,Kernel,11.0506,11.7861,0.735512,1048576,ftf,AMD Radeon VII 0
task13,Kernel,11.7861,12.5248,0.73863,1048576,ftf,AMD Radeon VII 0
task18,Kernel,12.5248,13.2566,0.731816,1048576,ftf,AMD Radeon VII 0
task17,Kernel,13.2566,13.993,0.736419,1048576,ftf,AMD Radeon VII 0
task15,Kernel,13.993,14.7281,0.735078,1048576,ftf,AMD Radeon VII 0
task14,Kernel,14.7281,15.4619,0.733721,1048576,ftf,AMD Radeon VII 0
task26,Kernel,15.4619,16.1988,0.736905,1048576,ftf,AMD Radeon VII 0
task24,Kernel,16.1988,16.9338,0.734995,1048576,ftf,AMD Radeon VII 0
task27,Kernel,16.9338,17.6664,0.732569,1048576,ftf,AMD Radeon VII 0
task22,Kernel,17.6664,18.4006,0.734275,1048576,ftf,AMD Radeon VII 0
task21,Kernel,18.4007,19.1402,0.739522,1048576,ftf,AMD Radeon VII 0
task23,Kernel,19.1402,19.8714,0.731165,1048576,ftf,AMD Radeon VII 0
task30,Kernel,19.8714,20.6048,0.733418,1048576,ftf,AMD Radeon VII 0
task29,Kernel,20.6048,21.3379,0.733097,1048576,ftf,AMD Radeon VII 0
task34,Kernel,21.3379,22.0703,0.732393,1048576,ftf,AMD Radeon VII 0
task41,Kernel,22.0703,22.8068,0.736456,1048576,ftf,AMD Radeon VII 0
task38,Kernel,22.8068,23.5387,0.731883,1048576,ftf,AMD Radeon VII 0
task33,Kernel,23.5387,24.2728,0.734104,1048576,ftf,AMD Radeon VII 0
task39,Kernel,24.2728,25.0051,0.732328,1048576,ftf,AMD Radeon VII 0
task25,Kernel,25.0052,25.7396,0.734433,1048576,ftf,AMD Radeon VII 0
task32,Kernel,25.7396,26.4741,0.734487,1048576,ftf,AMD Radeon VII 0
task28,Kernel,26.4741,27.2143,0.740211,1048576,ftf,AMD Radeon VII 0
task36,Kernel,27.2143,27.9472,0.732849,1048576,ftf,AMD Radeon VII 0
task31,Kernel,27.9472,28.6838,0.736657,1048576,ftf,AMD Radeon VII 0
task46,Kernel,28.6839,29.418,0.734145,1048576,ftf,AMD Radeon VII 0
task42,Kernel,29.418,30.1517,0.733636,1048576,ftf,AMD Radeon VII 0
task45,Kernel,30.1517,30.8836,0.731947,1048576,ftf,AMD Radeon VII 0
task51,Kernel,30.8836,31.6179,0.734244,1048576,ftf,AMD Radeon VII 0
task35,Kernel,31.6179,32.3547,0.736799,1048576,ftf,AMD Radeon VII 0
task43,Kernel,32.3547,33.0933,0.738628,1048576,ftf,AMD Radeon VII 0
task47,Kernel,33.0933,33.8287,0.735319,1048576,ftf,AMD Radeon VII 0
task37,Kernel,33.8287,34.5648,0.73609,1048576,ftf,AMD Radeon VII 0
task44,Kernel,34.5648,35.2989,0.734183,1048576,ftf,AMD Radeon VII 0
task48,Kernel,35.299,36.0376,0.738672,1048576,ftf,AMD Radeon VII 0
task50,Kernel,36.0376,36.7737,0.736027,1048576,ftf,AMD Radeon VII 0
task60,Kernel,36.7737,37.5077,0.733986,1048576,ftf,AMD Radeon VII 0
task40,Kernel,37.5077,38.2441,0.736372,1048576,ftf,AMD Radeon VII 0
task54,Kernel,38.2441,38.9804,0.736373,1048576,ftf,AMD Radeon VII 0
task49,Kernel,38.9805,39.7162,0.735742,1048576,ftf,AMD Radeon VII 0
task52,Kernel,39.7162,40.4502,0.734041,1048576,ftf,AMD Radeon VII 0
task53,Kernel,40.4503,41.1846,0.734309,1048576,ftf,AMD Radeon VII 0
task59,Kernel,41.1846,41.9237,0.739079,1048576,ftf,AMD Radeon VII 0
task55,Kernel,41.9237,42.6575,0.733786,1048576,ftf,AMD Radeon VII 0
task64,Kernel,42.6575,43.3923,0.734817,1048576,ftf,AMD Radeon VII 0
task58,Kernel,43.3923,44.1256,0.733269,1048576,ftf,AMD Radeon VII 0
task56,Kernel,44.1256,44.8595,0.733958,1048576,ftf,AMD Radeon VII 0
task61,Kernel,44.8596,45.5999,0.740324,1048576,ftf,AMD Radeon VII 0
task65,Kernel,45.5999,46.3349,0.734998,1048576,ftf,AMD Radeon VII 0
task57,Kernel,46.3349,47.0669,0.732039,1048576,ftf,AMD Radeon VII 0
task63,Kernel,47.067,47.8032,0.736267,1048576,ftf,AMD Radeon VII 0
task62,Kernel,47.8032,48.5388,0.735584,1048576,ftf,AMD Radeon VII 0
task69,Kernel,48.5388,49.2718,0.732996,1048576,ftf,AMD Radeon VII 0
task71,Kernel,49.2718,50.006,0.734208,1048576,ftf,AMD Radeon VII 0
task80,Kernel,50.0061,50.7388,0.732697,1048576,ftf,AMD Radeon VII 0
task68,Kernel,50.7388,51.4717,0.732896,1048576,ftf,AMD Radeon VII 0
task66,Kernel,51.4717,52.209,0.737322,1048576,ftf,AMD Radeon VII 0
task72,Kernel,52.209,52.9463,0.737235,1048576,ftf,AMD Radeon VII 0
task78,Kernel,52.9463,53.6813,0.734998,1048576,ftf,AMD Radeon VII 0
task70,Kernel,53.6813,54.4146,0.733296,1048576,ftf,AMD Radeon VII 0
task82,Kernel,54.4146,55.1483,0.73369,1048576,ftf,AMD Radeon VII 0
task73,Kernel,55.1483,55.882,0.733685,1048576,ftf,AMD Radeon VII 0
task77,Kernel,55.882,56.621,0.738951,1048576,ftf,AMD Radeon VII 0
task88,Kernel,56.621,57.3542,0.733197,1048576,ftf,AMD Radeon VII 0
task75,Kernel,57.3542,58.0898,0.735587,1048576,ftf,AMD Radeon VII 0
task76,Kernel,58.0898,58.8228,0.732968,1048576,ftf,AMD Radeon VII 0
task67,Kernel,58.8228,59.5592,0.736405,1048576,ftf,AMD Radeon VII 0
task97,Kernel,59.5592,60.2938,0.734583,1048576,ftf,AMD Radeon VII 0
task86,Kernel,60.2938,61.0248,0.730994,1048576,ftf,AMD Radeon VII 0
task89,Kernel,61.0248,61.7616,0.736766,1048576,ftf,AMD Radeon VII 0
task74,Kernel,61.7616,62.4991,0.73746,1048576,ftf,AMD Radeon VII 0
task79,Kernel,62.4991,63.2304,0.73137,1048576,ftf,AMD Radeon VII 0
task81,Kernel,63.2304,63.9623,0.731861,1048576,ftf,AMD Radeon VII 0
task83,Kernel,63.9623,64.697,0.734666,1048576,ftf,AMD Radeon VII 0
task85,Kernel,64.697,65.4298,0.732769,1048576,ftf,AMD Radeon VII 0
task90,Kernel,65.4298,66.1624,0.732664,1048576,ftf,AMD Radeon VII 0
task120,Kernel,66.1625,66.8964,0.733961,1048576,ftf,AMD Radeon VII 0
task92,Kernel,66.8964,67.6329,0.73647,1048576,ftf,AMD Radeon VII 0
task95,Kernel,67.6329,68.3673,0.734348,1048576,ftf,AMD Radeon VII 0
task84,Kernel,68.3673,69.0991,0.731803,1048576,ftf,AMD Radeon VII 0
task91,Kernel,69.0991,69.8327,0.733607,1048576,ftf,AMD Radeon VII 0
task87,Kernel,69.8327,70.5691,0.736361,1048576,ftf,AMD Radeon VII 0
task94,Kernel,70.5691,71.3025,0.733386,1048576,ftf,AMD Radeon VII 0
task129,Kernel,71.3025,72.0356,0.733123,1048576,ftf,AMD Radeon VII 0
task98,Kernel,72.0356,72.7698,0.734145,1048576,ftf,AMD Radeon VII 0
task100,Kernel,72.7698,73.5103,0.740475,1048576,ftf,AMD Radeon VII 0
task105,Kernel,73.5103,74.2443,0.733978,1048576,ftf,AMD Radeon VII 0
task96,Kernel,74.2443,74.9761,0.731822,1048576,ftf,AMD Radeon VII 0
task99,Kernel,74.9761,75.7088,0.732661,1048576,ftf,AMD Radeon VII 0
task93,Kernel,75.7088,76.444,0.735208,1048576,ftf,AMD Radeon VII 0
task103,Kernel,76.444,77.1752,0.731197,1048576,ftf,AMD Radeon VII 0
task102,Kernel,77.1752,77.913,0.737731,1048576,ftf,AMD Radeon VII 0
task117,Kernel,77.913,78.6481,0.735173,1048576,ftf,AMD Radeon VII 0
task101,Kernel,78.6482,79.3814,0.733213,1048576,ftf,AMD Radeon VII 0
task110,Kernel,79.3814,80.1148,0.733381,1048576,ftf,AMD Radeon VII 0
task107,Kernel,80.1148,80.8477,0.732966,1048576,ftf,AMD Radeon VII 0
task114,Kernel,80.8478,81.5816,0.733845,1048576,ftf,AMD Radeon VII 0
task106,Kernel,81.5816,82.319,0.73736,1048576,ftf,AMD Radeon VII 0
task104,Kernel,82.319,83.0542,0.735214,1048576,ftf,AMD Radeon VII 0
task108,Kernel,83.0542,83.7907,0.736451,1048576,ftf,AMD Radeon VII 0
task111,Kernel,83.7907,84.524,0.733352,1048576,ftf,AMD Radeon VII 0
task118,Kernel,84.5241,85.258,0.733955,1048576,ftf,AMD Radeon VII 0
task128,Kernel,85.258,85.9918,0.733784,1048576,ftf,AMD Radeon VII 0
task109,Kernel,85.9918,86.7253,0.733462,1048576,ftf,AMD Radeon VII 0
task112,Kernel,86.7253,87.459,0.73376,1048576,ftf,AMD Radeon VII 0
task113,Kernel,87.4591,88.1956,0.736562,1048576,ftf,AMD Radeon VII 0
task116,Kernel,88.1956,88.9309,0.735247,1048576,ftf,AMD Radeon VII 0
task115,Kernel,88.9309,89.665,0.734115,1048576,ftf,AMD Radeon VII 0
task119,Kernel,89.665,90.3992,0.734182,1048576,ftf,AMD Radeon VII 0
task126,Kernel,90.3992,91.1367,0.737484,1048576,ftf,AMD Radeon VII 0
task122,Kernel,91.1367,91.8701,0.733384,1048576,ftf,AMD Radeon VII 0
task121,Kernel,91.8701,92.6045,0.734371,1048576,ftf,AMD Radeon VII 0
task125,Kernel,92.6045,93.3374,0.732901,1048576,ftf,AMD Radeon VII 0
task132,Kernel,93.3374,94.0715,0.734054,1048576,ftf,AMD Radeon VII 0
task137,Kernel,94.0715,94.808,0.736509,1048576,ftf,AMD Radeon VII 0
task127,Kernel,94.808,95.5415,0.733475,1048576,ftf,AMD Radeon VII 0
task135,Kernel,95.5415,96.2746,0.733065,1048576,ftf,AMD Radeon VII 0
task123,Kernel,96.2746,97.0076,0.733005,1048576,ftf,AMD Radeon VII 0
task124,Kernel,97.0076,97.7414,0.733802,1048576,ftf,AMD Radeon VII 0
task131,Kernel,97.7414,98.4756,0.73422,1048576,ftf,AMD Radeon VII 0
task133,Kernel,98.4756,99.2143,0.738703,1048576,ftf,AMD Radeon VII 0
task130,Kernel,99.2143,99.9526,0.73823,1048576,ftf,AMD Radeon VII 0
task138,Kernel,99.9526,100.692,0.739441,1048576,ftf,AMD Radeon VII 0
task143,Kernel,100.692,101.424,0.732082,1048576,ftf,AMD Radeon VII 0
task140,Kernel,101.424,102.158,0.734277,1048576,ftf,AMD Radeon VII 0
task149,Kernel,102.158,102.894,0.735176,1048576,ftf,AMD Radeon VII 0
task134,Kernel,102.894,103.628,0.734611,1048576,ftf,AMD Radeon VII 0
task136,Kernel,103.628,104.364,0.736144,1048576,ftf,AMD Radeon VII 0
task139,Kernel,104.364,105.1,0.735695,1048576,ftf,AMD Radeon VII 0
task141,Kernel,105.1,105.835,0.734832,1048576,ftf,AMD Radeon VII 0
task142,Kernel,105.835,106.567,0.732239,1048576,ftf,AMD Radeon VII 0
task150,Kernel,106.567,107.301,0.734264,1048576,ftf,AMD Radeon VII 0
task153,Kernel,107.301,108.036,0.734787,1048576,ftf,AMD Radeon VII 0
task158,Kernel,108.036,108.77,0.733565,1048576,ftf,AMD Radeon VII 0
task160,Kernel,108.77,109.504,0.734103,1048576,ftf,AMD Radeon VII 0
task145,Kernel,109.504,110.24,0.735572,1048576,ftf,AMD Radeon VII 0
task148,Kernel,110.24,110.977,0.737894,1048576,ftf,AMD Radeon VII 0
task144,Kernel,110.977,111.715,0.737743,1048576,ftf,AMD Radeon VII 0
task152,Kernel,111.715,112.449,0.733397,1048576,ftf,AMD Radeon VII 0
task156,Kernel,112.449,113.181,0.732749,1048576,ftf,AMD Radeon VII 0
task146,Kernel,113.181,113.916,0.734183,1048576,ftf,AMD Radeon VII 0
task151,Kernel,113.916,114.655,0.739228,1048576,ftf,AMD Radeon VII 0
task164,Kernel,114.655,115.388,0.733372,1048576,ftf,AMD Radeon VII 0
task154,Kernel,115.388,116.121,0.733161,1048576,ftf,AMD Radeon VII 0
task165,Kernel,116.121,116.854,0.732948,1048576,ftf,AMD Radeon VII 0
task147,Kernel,116.854,117.589,0.73441,1048576,ftf,AMD Radeon VII 0
task161,Kernel,117.589,118.321,0.732083,1048576,ftf,AMD Radeon VII 0
task157,Kernel,118.321,119.056,0.73487,1048576,ftf,AMD Radeon VII 0
task172,Kernel,119.056,119.792,0.735798,1048576,ftf,AMD Radeon VII 0
task155,Kernel,119.792,120.527,0.735743,1048576,ftf,AMD Radeon VII 0
task159,Kernel,120.527,121.265,0.737883,1048576,ftf,AMD Radeon VII 0
task166,Kernel,121.265,121.996,0.731033,1048576,ftf,AMD Radeon VII 0
task163,Kernel,121.996,122.731,0.73433,1048576,ftf,AMD Radeon VII 0
task185,Kernel,122.731,123.467,0.736365,1048576,ftf,AMD Radeon VII 0
task162,Kernel,123.467,124.204,0.737284,1048576,ftf,AMD Radeon VII 0
task167,Kernel,124.204,124.943,0.738312,1048576,ftf,AMD Radeon VII 0
task171,Kernel,124.943,125.678,0.735445,1048576,ftf,AMD Radeon VII 0
task168,Kernel,125.678,126.415,0.737398,1048576,ftf,AMD Radeon VII 0
task173,Kernel,126.415,127.147,0.731364,1048576,ftf,AMD Radeon VII 0
task177,Kernel,127.147,127.883,0.736513,1048576,ftf,AMD Radeon VII 0
task169,Kernel,127.883,128.618,0.73499,1048576,ftf,AMD Radeon VII 0
task174,Kernel,128.618,129.352,0.734108,1048576,ftf,AMD Radeon VII 0
task180,Kernel,129.352,130.088,0.735078,1048576,ftf,AMD Radeon VII 0
task170,Kernel,130.088,130.822,0.734618,1048576,ftf,AMD Radeon VII 0
task181,Kernel,130.822,131.561,0.738586,1048576,ftf,AMD Radeon VII 0
task192,Kernel,131.561,132.294,0.733387,1048576,ftf,AMD Radeon VII 0
task178,Kernel,132.294,133.028,0.733855,1048576,ftf,AMD Radeon VII 0
task175,Kernel,133.028,133.762,0.73352,1048576,ftf,AMD Radeon VII 0
task183,Kernel,133.762,134.5,0.73804,1048576,ftf,AMD Radeon VII 0
task186,Kernel,134.5,135.234,0.734547,1048576,ftf,AMD Radeon VII 0
task176,Kernel,135.234,135.97,0.736096,1048576,ftf,AMD Radeon VII 0
task191,Kernel,135.97,136.705,0.73425,1048576,ftf,AMD Radeon VII 0
task179,Kernel,136.705,137.443,0.738591,1048576,ftf,AMD Radeon VII 0
task182,Kernel,137.443,138.176,0.73235,1048576,ftf,AMD Radeon VII 0
task184,Kernel,138.176,138.907,0.730996,1048576,ftf,AMD Radeon VII 0
task190,Kernel,138.907,139.641,0.733977,1048576,ftf,AMD Radeon VII 0
task189,Kernel,139.641,140.372,0.731589,1048576,ftf,AMD Radeon VII 0
task208,Kernel,140.372,141.107,0.735048,1048576,ftf,AMD Radeon VII 0
task188,Kernel,141.107,141.84,0.732746,1048576,ftf,AMD Radeon VII 0
task187,Kernel,141.84,142.573,0.733293,1048576,ftf,AMD Radeon VII 0
task194,Kernel,142.573,143.308,0.734794,1048576,ftf,AMD Radeon VII 0
task198,Kernel,143.308,144.041,0.732646,1048576,ftf,AMD Radeon VII 0
task193,Kernel,144.041,144.774,0.733344,1048576,ftf,AMD Radeon VII 0
task195,Kernel,144.774,145.508,0.734298,1048576,ftf,AMD Radeon VII 0
task197,Kernel,145.508,146.242,0.733097,1048576,ftf,AMD Radeon VII 0
task209,Kernel,146.242,146.978,0.735916,1048576,ftf,AMD Radeon VII 0
task196,Kernel,146.978,147.713,0.735486,1048576,ftf,AMD Radeon VII 0
task199,Kernel,147.713,148.446,0.732546,1048576,ftf,AMD Radeon VII 0
task201,Kernel,148.446,149.184,0.737989,1048576,ftf,AMD Radeon VII 0
task200,Kernel,149.184,149.919,0.735079,1048576,ftf,AMD Radeon VII 0
task203,Kernel,149.919,150.653,0.734195,1048576,ftf,AMD Radeon VII 0
task206,Kernel,150.653,151.385,0.732519,1048576,ftf,AMD Radeon VII 0
task210,Kernel,151.385,152.121,0.736061,1048576,ftf,AMD Radeon VII 0
task202,Kernel,152.121,152.854,0.73301,1048576,ftf,AMD Radeon VII 0
task204,Kernel,152.854,153.588,0.733374,1048576,ftf,AMD Radeon VII 0
task207,Kernel,153.588,154.32,0.731846,1048576,ftf,AMD Radeon VII 0
task211,Kernel,154.32,155.05,0.729921,1048576,ftf,AMD Radeon VII 0
task217,Kernel,155.05,155.782,0.732132,1048576,ftf,AMD Radeon VII 0
task222,Kernel,155.782,156.518,0.736384,1048576,ftf,AMD Radeon VII 0
task214,Kernel,156.518,157.252,0.733806,1048576,ftf,AMD Radeon VII 0
task216,Kernel,157.252,157.985,0.732931,1048576,ftf,AMD Radeon VII 0
task205,Kernel,157.985,158.723,0.738184,1048576,ftf,AMD Radeon VII 0
task212,Kernel,158.723,159.455,0.731832,1048576,ftf,AMD Radeon VII 0
task215,Kernel,159.455,160.189,0.733766,1048576,ftf,AMD Radeon VII 0
task220,Kernel,160.189,160.925,0.736337,1048576,ftf,AMD Radeon VII 0
task219,Kernel,160.925,161.658,0.732719,1048576,ftf,AMD Radeon VII 0
task234,Kernel,161.658,162.391,0.732861,1048576,ftf,AMD Radeon VII 0
task225,Kernel,162.391,163.125,0.734374,1048576,ftf,AMD Radeon VII 0
task218,Kernel,163.125,163.859,0.734197,1048576,ftf,AMD Radeon VII 0
task228,Kernel,163.859,164.594,0.734271,1048576,ftf,AMD Radeon VII 0
task213,Kernel,164.594,165.326,0.732781,1048576,ftf,AMD Radeon VII 0
task224,Kernel,165.326,166.06,0.733423,1048576,ftf,AMD Radeon VII 0
task221,Kernel,166.06,166.794,0.734362,1048576,ftf,AMD Radeon VII 0
task226,Kernel,166.794,167.527,0.732459,1048576,ftf,AMD Radeon VII 0
task229,Kernel,167.527,168.262,0.735674,1048576,ftf,AMD Radeon VII 0
task235,Kernel,168.262,168.994,0.731288,1048576,ftf,AMD Radeon VII 0
task223,Kernel,168.994,169.728,0.734257,1048576,ftf,AMD Radeon VII 0
task230,Kernel,169.728,170.466,0.737614,1048576,ftf,AMD Radeon VII 0
task232,Kernel,170.466,171.204,0.73809,1048576,ftf,AMD Radeon VII 0
task227,Kernel,171.204,171.936,0.732618,1048576,ftf,AMD Radeon VII 0
task231,Kernel,171.936,172.674,0.73817,1048576,ftf,AMD Radeon VII 0
task233,Kernel,172.674,173.409,0.734763,1048576,ftf,AMD Radeon VII 0
task238,Kernel,173.409,174.145,0.735842,1048576,ftf,AMD Radeon VII 0
task239,Kernel,174.145,174.879,0.733628,1048576,ftf,AMD Radeon VII 0
task237,Kernel,174.879,175.614,0.735435,1048576,ftf,AMD Radeon VII 0
task236,Kernel,175.614,176.35,0.736169,1048576,ftf,AMD Radeon VII 0
task240,Kernel,176.35,177.083,0.733055,1048576,ftf,AMD Radeon VII 0
Internal-D2H(final_d2h)-from-0,MemFlushOut,177.084,177.084,0.000658512,0,data,AMD Radeon VII 0
Internal-D2H(final_d2h)-from-0,MemFlushOut,177.084,177.085,0.000601292,0,data,AMD Radeon VII 0
Internal-D2H(final_d2h)-from-0,MemFlushOut,177.085,177.086,0.000601053,0,data,AMD Radeon VII 0
Internal-D2H(final_d2h)-from-0,MemFlushOut,177.086,177.086,0.000601292,0,data,AMD Radeon VII 0
Internal-D2H(final_d2h)-from-0,MemFlushOut,177.086,177.087,0.000600815,0,data,AMD Radeon VII 0
Internal-D2H(final_d2h)-from-0,MemFlushOut,177.087,177.087,0.000600815,0,data,AMD Radeon VII 0
