taskname,type,start,end,duration,size,policy,acclname
Internal-H2D(task0)-to-0,MemFlushOut,0.00507283,0.00742435,0.00235152,0,depend,AMD Radeon VII 0
Internal-H2D(task0)-to-0,MemFlushOut,0.00750899,0.00824809,0.000739098,0,depend,AMD Radeon VII 0
Internal-H2D(task0)-to-0,MemFlushOut,0.00828362,0.00902319,0.000739574,0,depend,AMD Radeon VII 0
task0,Kernel,0.00905538,0.744907,0.735852,1048576,depend,AMD Radeon VII 0
Internal-H2D(task1)-to-0,MemFlushOut,0.744985,0.745661,0.000676394,139936217001568,depend,AMD Radeon VII 0
Internal-H2D(task1)-to-0,MemFlushOut,0.745672,0.746313,0.000641108,139936217001568,depend,AMD Radeon VII 0
Internal-H2D(task1)-to-0,MemFlushOut,0.746322,0.746963,0.000641108,139936217001568,depend,AMD Radeon VII 0
task1,Kernel,0.746971,1.48398,0.73701,1048576,depend,AMD Radeon VII 0
Internal-H2D(task2)-to-0,MemFlushOut,1.48399,1.48468,0.000694513,139936217001184,depend,AMD Radeon VII 0
Internal-H2D(task2)-to-0,MemFlushOut,1.48469,1.48534,0.000641346,139936217001184,depend,AMD Radeon VII 0
Internal-H2D(task2)-to-0,MemFlushOut,1.48534,1.48598,0.000640392,139936217001184,depend,AMD Radeon VII 0
task2,Kernel,1.48599,2.22351,0.737514,1048576,depend,AMD Radeon VII 0
Internal-H2D(task3)-to-0,MemFlushOut,2.22351,2.2242,0.00068903,139936217001184,depend,AMD Radeon VII 0
Internal-H2D(task3)-to-0,MemFlushOut,2.22421,2.22485,0.000641346,139936217001184,depend,AMD Radeon VII 0
Internal-H2D(task3)-to-0,MemFlushOut,2.22486,2.2255,0.000640392,139936217001184,depend,AMD Radeon VII 0
task3,Kernel,2.22551,2.95715,0.73164,1048576,depend,AMD Radeon VII 0
Internal-H2D(task4)-to-0,MemFlushOut,2.95716,2.95785,0.00069046,0,depend,AMD Radeon VII 0
Internal-H2D(task4)-to-0,MemFlushOut,2.95786,2.9585,0.000641346,0,depend,AMD Radeon VII 0
Internal-H2D(task4)-to-0,MemFlushOut,2.95851,2.95915,0.000639439,0,depend,AMD Radeon VII 0
task4,Kernel,2.95916,3.69113,0.731975,1048576,depend,AMD Radeon VII 0
Internal-H2D(task5)-to-0,MemFlushOut,3.69114,3.69183,0.000689507,0,depend,AMD Radeon VII 0
Internal-H2D(task5)-to-0,MemFlushOut,3.69184,3.69249,0.00064826,0,depend,AMD Radeon VII 0
Internal-H2D(task5)-to-0,MemFlushOut,3.69249,3.69313,0.000638962,0,depend,AMD Radeon VII 0
task5,Kernel,3.69314,4.43064,0.7375,1048576,depend,AMD Radeon VII 0
task6,Kernel,4.43065,5.16762,0.73697,1048576,depend,AMD Radeon VII 0
task16,Kernel,5.16763,5.90105,0.733415,1048576,depend,AMD Radeon VII 0
task7,Kernel,5.90106,6.63503,0.733974,1048576,depend,AMD Radeon VII 0
task8,Kernel,6.63504,7.36762,0.732576,1048576,depend,AMD Radeon VII 0
task10,Kernel,7.36763,8.10243,0.734797,1048576,depend,AMD Radeon VII 0
task12,Kernel,8.10244,8.8365,0.734063,1048576,depend,AMD Radeon VII 0
task19,Kernel,8.83653,9.57252,0.735995,1048576,depend,AMD Radeon VII 0
task20,Kernel,9.57256,10.3068,0.734275,1048576,depend,AMD Radeon VII 0
task9,Kernel,10.3069,11.0395,0.732622,1048576,depend,AMD Radeon VII 0
task11,Kernel,11.0395,11.7781,0.738552,1048576,depend,AMD Radeon VII 0
task13,Kernel,11.7781,12.5142,0.736065,1048576,depend,AMD Radeon VII 0
task18,Kernel,12.5142,13.2455,0.731296,1048576,depend,AMD Radeon VII 0
task17,Kernel,13.2455,13.9825,0.736984,1048576,depend,AMD Radeon VII 0
task15,Kernel,13.9825,14.7137,0.731262,1048576,depend,AMD Radeon VII 0
task14,Kernel,14.7138,15.4479,0.734165,1048576,depend,AMD Radeon VII 0
task26,Kernel,15.448,16.1805,0.732587,1048576,depend,AMD Radeon VII 0
task24,Kernel,16.1806,16.9134,0.732823,1048576,depend,AMD Radeon VII 0
task27,Kernel,16.9134,17.6464,0.733002,1048576,depend,AMD Radeon VII 0
task22,Kernel,17.6464,18.3794,0.732956,1048576,depend,AMD Radeon VII 0
task21,Kernel,18.3794,19.1121,0.732742,1048576,depend,AMD Radeon VII 0
task23,Kernel,19.1121,19.8425,0.730374,1048576,depend,AMD Radeon VII 0
task30,Kernel,19.8425,20.5782,0.735644,1048576,depend,AMD Radeon VII 0
task29,Kernel,20.5782,21.3139,0.735735,1048576,depend,AMD Radeon VII 0
task34,Kernel,21.3139,22.048,0.734026,1048576,depend,AMD Radeon VII 0
task41,Kernel,22.048,22.7869,0.73892,1048576,depend,AMD Radeon VII 0
task38,Kernel,22.7869,23.5188,0.731936,1048576,depend,AMD Radeon VII 0
task33,Kernel,23.5188,24.2513,0.732421,1048576,depend,AMD Radeon VII 0
task39,Kernel,24.2513,24.9852,0.733895,1048576,depend,AMD Radeon VII 0
task25,Kernel,24.9852,25.7195,0.734347,1048576,depend,AMD Radeon VII 0
task32,Kernel,25.7196,26.4536,0.733994,1048576,depend,AMD Radeon VII 0
task28,Kernel,26.4536,27.185,0.731401,1048576,depend,AMD Radeon VII 0
task36,Kernel,27.185,27.9177,0.732709,1048576,depend,AMD Radeon VII 0
task31,Kernel,27.9177,28.6537,0.735994,1048576,depend,AMD Radeon VII 0
task46,Kernel,28.6537,29.3911,0.73736,1048576,depend,AMD Radeon VII 0
task42,Kernel,29.3911,30.1254,0.734343,1048576,depend,AMD Radeon VII 0
task45,Kernel,30.1254,30.8598,0.73441,1048576,depend,AMD Radeon VII 0
task51,Kernel,30.8599,31.5935,0.733613,1048576,depend,AMD Radeon VII 0
task35,Kernel,31.5935,32.3261,0.732655,1048576,depend,AMD Radeon VII 0
task43,Kernel,32.3262,33.0661,0.739921,1048576,depend,AMD Radeon VII 0
task47,Kernel,33.0661,33.8015,0.735372,1048576,depend,AMD Radeon VII 0
task37,Kernel,33.8015,34.5368,0.735341,1048576,depend,AMD Radeon VII 0
task44,Kernel,34.5368,35.2743,0.737418,1048576,depend,AMD Radeon VII 0
task48,Kernel,35.2743,36.0096,0.735349,1048576,depend,AMD Radeon VII 0
task50,Kernel,36.0097,36.7437,0.73402,1048576,depend,AMD Radeon VII 0
task60,Kernel,36.7437,37.4759,0.732198,1048576,depend,AMD Radeon VII 0
task40,Kernel,37.4759,38.2143,0.738438,1048576,depend,AMD Radeon VII 0
task54,Kernel,38.2143,38.9469,0.732578,1048576,depend,AMD Radeon VII 0
task49,Kernel,38.9469,39.6821,0.735162,1048576,depend,AMD Radeon VII 0
task52,Kernel,39.6821,40.417,0.734919,1048576,depend,AMD Radeon VII 0
task53,Kernel,40.4171,41.1515,0.734471,1048576,depend,AMD Radeon VII 0
task59,Kernel,41.1516,41.8824,0.730872,1048576,depend,AMD Radeon VII 0
task55,Kernel,41.8825,42.6194,0.736918,1048576,depend,AMD Radeon VII 0
task64,Kernel,42.6194,43.3542,0.734754,1048576,depend,AMD Radeon VII 0
task58,Kernel,43.3542,44.089,0.734861,1048576,depend,AMD Radeon VII 0
task56,Kernel,44.0891,44.8227,0.733657,1048576,depend,AMD Radeon VII 0
task61,Kernel,44.8227,45.5549,0.732186,1048576,depend,AMD Radeon VII 0
task65,Kernel,45.5549,46.289,0.734108,1048576,depend,AMD Radeon VII 0
task57,Kernel,46.289,47.0243,0.735237,1048576,depend,AMD Radeon VII 0
task63,Kernel,47.0243,47.759,0.734718,1048576,depend,AMD Radeon VII 0
task62,Kernel,47.759,48.4972,0.738164,1048576,depend,AMD Radeon VII 0
task69,Kernel,48.4972,49.2275,0.730335,1048576,depend,AMD Radeon VII 0
task71,Kernel,49.2275,49.9635,0.735916,1048576,depend,AMD Radeon VII 0
task80,Kernel,49.9635,50.6972,0.733755,1048576,depend,AMD Radeon VII 0
task68,Kernel,50.6972,51.4335,0.736221,1048576,depend,AMD Radeon VII 0
task66,Kernel,51.4335,52.1681,0.734676,1048576,depend,AMD Radeon VII 0
task72,Kernel,52.1682,52.9012,0.73301,1048576,depend,AMD Radeon VII 0
task78,Kernel,52.9012,53.6395,0.7383,1048576,depend,AMD Radeon VII 0
task70,Kernel,53.6395,54.3728,0.733289,1048576,depend,AMD Radeon VII 0
task82,Kernel,54.3728,55.1052,0.732446,1048576,depend,AMD Radeon VII 0
task73,Kernel,55.1052,55.8388,0.733555,1048576,depend,AMD Radeon VII 0
task77,Kernel,55.8388,56.5737,0.734926,1048576,depend,AMD Radeon VII 0
task88,Kernel,56.5737,57.3043,0.730539,1048576,depend,AMD Radeon VII 0
task75,Kernel,57.3043,58.0378,0.733481,1048576,depend,AMD Radeon VII 0
task76,Kernel,58.0378,58.7679,0.730119,1048576,depend,AMD Radeon VII 0
task67,Kernel,58.7679,59.5027,0.734781,1048576,depend,AMD Radeon VII 0
task97,Kernel,59.5027,60.2386,0.73588,1048576,depend,AMD Radeon VII 0
task86,Kernel,60.2386,60.9744,0.735754,1048576,depend,AMD Radeon VII 0
task89,Kernel,60.9744,61.7101,0.735742,1048576,depend,AMD Radeon VII 0
task74,Kernel,61.7102,62.4452,0.735025,1048576,depend,AMD Radeon VII 0
task79,Kernel,62.4452,63.1799,0.734699,1048576,depend,AMD Radeon VII 0
task81,Kernel,63.1799,63.9133,0.733366,1048576,depend,AMD Radeon VII 0
task83,Kernel,63.9133,64.6444,0.73112,1048576,depend,AMD Radeon VII 0
task85,Kernel,64.6444,65.3781,0.733667,1048576,depend,AMD Radeon VII 0
task90,Kernel,65.3781,66.1116,0.733548,1048576,depend,AMD Radeon VII 0
task120,Kernel,66.1117,66.8447,0.733005,1048576,depend,AMD Radeon VII 0
task92,Kernel,66.8447,67.5811,0.736413,1048576,depend,AMD Radeon VII 0
task95,Kernel,67.5811,68.3142,0.73305,1048576,depend,AMD Radeon VII 0
task84,Kernel,68.3142,69.0517,0.737536,1048576,depend,AMD Radeon VII 0
task91,Kernel,69.0517,69.7857,0.733958,1048576,depend,AMD Radeon VII 0
task87,Kernel,69.7857,70.5214,0.735657,1048576,depend,AMD Radeon VII 0
task94,Kernel,70.5214,71.256,0.734568,1048576,depend,AMD Radeon VII 0
task129,Kernel,71.256,71.9899,0.733897,1048576,depend,AMD Radeon VII 0
task98,Kernel,71.9899,72.7217,0.731761,1048576,depend,AMD Radeon VII 0
task100,Kernel,72.7217,73.4595,0.737834,1048576,depend,AMD Radeon VII 0
task105,Kernel,73.4596,74.1939,0.734315,1048576,depend,AMD Radeon VII 0
task96,Kernel,74.1939,74.9298,0.735855,1048576,depend,AMD Radeon VII 0
task99,Kernel,74.9298,75.6656,0.7358,1048576,depend,AMD Radeon VII 0
task93,Kernel,75.6656,76.4009,0.735271,1048576,depend,AMD Radeon VII 0
task103,Kernel,76.4009,77.1345,0.733592,1048576,depend,AMD Radeon VII 0
task102,Kernel,77.1345,77.8695,0.734986,1048576,depend,AMD Radeon VII 0
task117,Kernel,77.8695,78.605,0.735551,1048576,depend,AMD Radeon VII 0
task101,Kernel,78.6051,79.3408,0.735757,1048576,depend,AMD Radeon VII 0
task110,Kernel,79.3408,80.0739,0.733037,1048576,depend,AMD Radeon VII 0
task107,Kernel,80.0739,80.8054,0.731516,1048576,depend,AMD Radeon VII 0
task114,Kernel,80.8054,81.5392,0.733809,1048576,depend,AMD Radeon VII 0
task106,Kernel,81.5392,82.2717,0.732459,1048576,depend,AMD Radeon VII 0
task104,Kernel,82.2717,83.0066,0.734938,1048576,depend,AMD Radeon VII 0
task108,Kernel,83.0066,83.7398,0.733144,1048576,depend,AMD Radeon VII 0
task111,Kernel,83.7398,84.4768,0.736991,1048576,depend,AMD Radeon VII 0
task118,Kernel,84.4768,85.2096,0.732782,1048576,depend,AMD Radeon VII 0
task128,Kernel,85.2096,85.9465,0.736911,1048576,depend,AMD Radeon VII 0
task109,Kernel,85.9465,86.6785,0.731958,1048576,depend,AMD Radeon VII 0
task112,Kernel,86.6785,87.414,0.73553,1048576,depend,AMD Radeon VII 0
task113,Kernel,87.414,88.148,0.733967,1048576,depend,AMD Radeon VII 0
task116,Kernel,88.148,88.8833,0.73525,1048576,depend,AMD Radeon VII 0
task115,Kernel,88.8833,89.6194,0.736163,1048576,depend,AMD Radeon VII 0
task119,Kernel,89.6194,90.3525,0.733094,1048576,depend,AMD Radeon VII 0
task126,Kernel,90.3526,91.085,0.732411,1048576,depend,AMD Radeon VII 0
task122,Kernel,91.085,91.8242,0.73926,1048576,depend,AMD Radeon VII 0
task121,Kernel,91.8242,92.5566,0.73234,1048576,depend,AMD Radeon VII 0
task125,Kernel,92.5566,93.2852,0.728638,1048576,depend,AMD Radeon VII 0
task132,Kernel,93.2852,94.0185,0.733225,1048576,depend,AMD Radeon VII 0
task137,Kernel,94.0185,94.7532,0.73472,1048576,depend,AMD Radeon VII 0
task127,Kernel,94.7532,95.4843,0.731076,1048576,depend,AMD Radeon VII 0
task135,Kernel,95.4843,96.2174,0.733081,1048576,depend,AMD Radeon VII 0
task123,Kernel,96.2174,96.9564,0.739004,1048576,depend,AMD Radeon VII 0
task124,Kernel,96.9564,97.6923,0.735916,1048576,depend,AMD Radeon VII 0
task131,Kernel,97.6923,98.4251,0.732744,1048576,depend,AMD Radeon VII 0
task133,Kernel,98.4251,99.1553,0.73025,1048576,depend,AMD Radeon VII 0
task130,Kernel,99.1554,99.8883,0.732902,1048576,depend,AMD Radeon VII 0
task138,Kernel,99.8883,100.62,0.73196,1048576,depend,AMD Radeon VII 0
task143,Kernel,100.62,101.352,0.731571,1048576,depend,AMD Radeon VII 0
task140,Kernel,101.352,102.085,0.733231,1048576,depend,AMD Radeon VII 0
task149,Kernel,102.085,102.821,0.735763,1048576,depend,AMD Radeon VII 0
task134,Kernel,102.821,103.56,0.739164,1048576,depend,AMD Radeon VII 0
task136,Kernel,103.56,104.293,0.732758,1048576,depend,AMD Radeon VII 0
task139,Kernel,104.293,105.03,0.736885,1048576,depend,AMD Radeon VII 0
task141,Kernel,105.03,105.762,0.732109,1048576,depend,AMD Radeon VII 0
task142,Kernel,105.762,106.497,0.734638,1048576,depend,AMD Radeon VII 0
task150,Kernel,106.497,107.235,0.738476,1048576,depend,AMD Radeon VII 0
task153,Kernel,107.235,107.975,0.739966,1048576,depend,AMD Radeon VII 0
task158,Kernel,107.975,108.713,0.737907,1048576,depend,AMD Radeon VII 0
task160,Kernel,108.713,109.448,0.735115,1048576,depend,AMD Radeon VII 0
task145,Kernel,109.448,110.187,0.738578,1048576,depend,AMD Radeon VII 0
task148,Kernel,110.187,110.92,0.733821,1048576,depend,AMD Radeon VII 0
task144,Kernel,110.92,111.654,0.733692,1048576,depend,AMD Radeon VII 0
task152,Kernel,111.654,112.39,0.735361,1048576,depend,AMD Radeon VII 0
task156,Kernel,112.39,113.121,0.731577,1048576,depend,AMD Radeon VII 0
task146,Kernel,113.121,113.854,0.733064,1048576,depend,AMD Radeon VII 0
task151,Kernel,113.854,114.588,0.73343,1048576,depend,AMD Radeon VII 0
task164,Kernel,114.588,115.323,0.734953,1048576,depend,AMD Radeon VII 0
task154,Kernel,115.323,116.055,0.732703,1048576,depend,AMD Radeon VII 0
task165,Kernel,116.055,116.79,0.734481,1048576,depend,AMD Radeon VII 0
task147,Kernel,116.79,117.525,0.735617,1048576,depend,AMD Radeon VII 0
task161,Kernel,117.525,118.26,0.734623,1048576,depend,AMD Radeon VII 0
task157,Kernel,118.26,118.995,0.734765,1048576,depend,AMD Radeon VII 0
task172,Kernel,118.995,119.73,0.735183,1048576,depend,AMD Radeon VII 0
task155,Kernel,119.73,120.47,0.740234,1048576,depend,AMD Radeon VII 0
task159,Kernel,120.47,121.206,0.735205,1048576,depend,AMD Radeon VII 0
task166,Kernel,121.206,121.942,0.73624,1048576,depend,AMD Radeon VII 0
task163,Kernel,121.942,122.675,0.732973,1048576,depend,AMD Radeon VII 0
task185,Kernel,122.675,123.413,0.737878,1048576,depend,AMD Radeon VII 0
task162,Kernel,123.413,124.145,0.732748,1048576,depend,AMD Radeon VII 0
task167,Kernel,124.145,124.881,0.735666,1048576,depend,AMD Radeon VII 0
task171,Kernel,124.881,125.618,0.736909,1048576,depend,AMD Radeon VII 0
task168,Kernel,125.618,126.354,0.735831,1048576,depend,AMD Radeon VII 0
task173,Kernel,126.354,127.09,0.736496,1048576,depend,AMD Radeon VII 0
task177,Kernel,127.09,127.824,0.73408,1048576,depend,AMD Radeon VII 0
task169,Kernel,127.824,128.557,0.732278,1048576,depend,AMD Radeon VII 0
task174,Kernel,128.557,129.291,0.733858,1048576,depend,AMD Radeon VII 0
task180,Kernel,129.291,130.032,0.741266,1048576,depend,AMD Radeon VII 0
task170,Kernel,130.032,130.763,0.731219,1048576,depend,AMD Radeon VII 0
task181,Kernel,130.763,131.497,0.733541,1048576,depend,AMD Radeon VII 0
task192,Kernel,131.497,132.231,0.734503,1048576,depend,AMD Radeon VII 0
task178,Kernel,132.231,132.966,0.734488,1048576,depend,AMD Radeon VII 0
task175,Kernel,132.966,133.696,0.730314,1048576,depend,AMD Radeon VII 0
task183,Kernel,133.696,134.43,0.734147,1048576,depend,AMD Radeon VII 0
task186,Kernel,134.43,135.166,0.73613,1048576,depend,AMD Radeon VII 0
task176,Kernel,135.166,135.9,0.733955,1048576,depend,AMD Radeon VII 0
task191,Kernel,135.9,136.633,0.733088,1048576,depend,AMD Radeon VII 0
task179,Kernel,136.633,137.365,0.731848,1048576,depend,AMD Radeon VII 0
task182,Kernel,137.365,138.096,0.730617,1048576,depend,AMD Radeon VII 0
task184,Kernel,138.096,138.829,0.732665,1048576,depend,AMD Radeon VII 0
task190,Kernel,138.829,139.566,0.737533,1048576,depend,AMD Radeon VII 0
task189,Kernel,139.566,140.297,0.731177,1048576,depend,AMD Radeon VII 0
task208,Kernel,140.297,141.03,0.732235,1048576,depend,AMD Radeon VII 0
task188,Kernel,141.03,141.765,0.735643,1048576,depend,AMD Radeon VII 0
task187,Kernel,141.765,142.495,0.729723,1048576,depend,AMD Radeon VII 0
task194,Kernel,142.495,143.23,0.73455,1048576,depend,AMD Radeon VII 0
task198,Kernel,143.23,143.966,0.736357,1048576,depend,AMD Radeon VII 0
task193,Kernel,143.966,144.7,0.734373,1048576,depend,AMD Radeon VII 0
task195,Kernel,144.7,145.432,0.731572,1048576,depend,AMD Radeon VII 0
task197,Kernel,145.432,146.167,0.735462,1048576,depend,AMD Radeon VII 0
task209,Kernel,146.167,146.904,0.736928,1048576,depend,AMD Radeon VII 0
task196,Kernel,146.904,147.638,0.733939,1048576,depend,AMD Radeon VII 0
task199,Kernel,147.638,148.375,0.736787,1048576,depend,AMD Radeon VII 0
task201,Kernel,148.375,149.114,0.738802,1048576,depend,AMD Radeon VII 0
task200,Kernel,149.114,149.848,0.734403,1048576,depend,AMD Radeon VII 0
task203,Kernel,149.848,150.586,0.737812,1048576,depend,AMD Radeon VII 0
task206,Kernel,150.586,151.323,0.736555,1048576,depend,AMD Radeon VII 0
task210,Kernel,151.323,152.056,0.733022,1048576,depend,AMD Radeon VII 0
task202,Kernel,152.056,152.788,0.732263,1048576,depend,AMD Radeon VII 0
task204,Kernel,152.788,153.522,0.734383,1048576,depend,AMD Radeon VII 0
task207,Kernel,153.522,154.257,0.734193,1048576,depend,AMD Radeon VII 0
task211,Kernel,154.257,154.995,0.738416,1048576,depend,AMD Radeon VII 0
task217,Kernel,154.995,155.732,0.737144,1048576,depend,AMD Radeon VII 0
task222,Kernel,155.732,156.466,0.734096,1048576,depend,AMD Radeon VII 0
task214,Kernel,156.466,157.203,0.736924,1048576,depend,AMD Radeon VII 0
task216,Kernel,157.203,157.937,0.733962,1048576,depend,AMD Radeon VII 0
task205,Kernel,157.937,158.67,0.732946,1048576,depend,AMD Radeon VII 0
task212,Kernel,158.67,159.407,0.737165,1048576,depend,AMD Radeon VII 0
task215,Kernel,159.407,160.141,0.733523,1048576,depend,AMD Radeon VII 0
task220,Kernel,160.141,160.875,0.734159,1048576,depend,AMD Radeon VII 0
task219,Kernel,160.875,161.607,0.732188,1048576,depend,AMD Radeon VII 0
task234,Kernel,161.607,162.341,0.734199,1048576,depend,AMD Radeon VII 0
task225,Kernel,162.341,163.076,0.734405,1048576,depend,AMD Radeon VII 0
task218,Kernel,163.076,163.812,0.7361,1048576,depend,AMD Radeon VII 0
task228,Kernel,163.812,164.546,0.734098,1048576,depend,AMD Radeon VII 0
task213,Kernel,164.546,165.283,0.736957,1048576,depend,AMD Radeon VII 0
task224,Kernel,165.283,166.02,0.737003,1048576,depend,AMD Radeon VII 0
task221,Kernel,166.02,166.755,0.734872,1048576,depend,AMD Radeon VII 0
task226,Kernel,166.755,167.487,0.732276,1048576,depend,AMD Radeon VII 0
task229,Kernel,167.487,168.219,0.731213,1048576,depend,AMD Radeon VII 0
task235,Kernel,168.219,168.951,0.732306,1048576,depend,AMD Radeon VII 0
task223,Kernel,168.951,169.686,0.735454,1048576,depend,AMD Radeon VII 0
task230,Kernel,169.686,170.418,0.731764,1048576,depend,AMD Radeon VII 0
task232,Kernel,170.418,171.153,0.735005,1048576,depend,AMD Radeon VII 0
task227,Kernel,171.153,171.887,0.734245,1048576,depend,AMD Radeon VII 0
task231,Kernel,171.887,172.624,0.736473,1048576,depend,AMD Radeon VII 0
task233,Kernel,172.624,173.359,0.735103,1048576,depend,AMD Radeon VII 0
task238,Kernel,173.359,174.092,0.732895,1048576,depend,AMD Radeon VII 0
task239,Kernel,174.092,174.827,0.735201,1048576,depend,AMD Radeon VII 0
task237,Kernel,174.827,175.562,0.734686,1048576,depend,AMD Radeon VII 0
task236,Kernel,175.562,176.301,0.739184,1048576,depend,AMD Radeon VII 0
task240,Kernel,176.301,177.037,0.736013,1048576,depend,AMD Radeon VII 0
Internal-D2H(final_d2h)-from-0,MemFlushOut,177.037,177.038,0.000677824,0,data,AMD Radeon VII 0
Internal-D2H(final_d2h)-from-0,MemFlushOut,177.038,177.039,0.000601768,0,data,AMD Radeon VII 0
Internal-D2H(final_d2h)-from-0,MemFlushOut,177.039,177.039,0.000604391,0,data,AMD Radeon VII 0
Internal-D2H(final_d2h)-from-0,MemFlushOut,177.039,177.04,0.000604153,0,data,AMD Radeon VII 0
Internal-D2H(final_d2h)-from-0,MemFlushOut,177.04,177.04,0.000603676,0,data,AMD Radeon VII 0
Internal-D2H(final_d2h)-from-0,MemFlushOut,177.04,177.041,0.00060463,0,data,AMD Radeon VII 0
